Measurement 1:
compRangeBiasAndRxChanPhase 0.0869929 0.06976 -0.85535 -0.04559 -0.97577 -0.01910 -0.95267 -0.14603 -0.85513 0.07919 -0.77261 0.01443 -0.89499 0.04401 -0.87317 -0.06830 -0.79111 -0.67981 -0.56509 -0.81247 -0.58301 -0.76889 -0.61227 -0.76285 -0.47266

compRangeBiasAndRxChanPhase 0.0869981 0.07172 -0.85464 -0.04370 -0.97705 -0.01895 -0.95053 -0.14502 -0.85590 0.07980 -0.77249 0.01535 -0.89319 0.04581 -0.87228 -0.06686 -0.79071 -0.67856 -0.56323 -0.81174 -0.58401 -0.76834 -0.61160 -0.76166 -0.47247

compRangeBiasAndRxChanPhase 0.0870129 0.07098 -0.85510 -0.04446 -0.97647 -0.01846 -0.95215 -0.14404 -0.85565 0.07974 -0.77356 0.01428 -0.89413 0.04568 -0.87271 -0.06616 -0.79221 -0.67911 -0.56564 -0.81189 -0.58380 -0.76831 -0.61371 -0.76349 -0.47369

compRangeBiasAndRxChanPhase 0.0869988 0.07654 -0.85263 -0.03867 -0.97504 -0.01248 -0.94971 -0.13760 -0.85547 0.08615 -0.77200 0.02176 -0.89374 0.05090 -0.87167 -0.06250 -0.79071 -0.67429 -0.56802 -0.80737 -0.59003 -0.76398 -0.61853 -0.75757 -0.47818

compRangeBiasAndRxChanPhase 0.0869979 0.07410 -0.85303 -0.03952 -0.97543 -0.01361 -0.95047 -0.14084 -0.85376 0.08350 -0.77197 0.01996 -0.89429 0.04861 -0.87137 -0.06293 -0.79120 -0.67566 -0.56616 -0.80917 -0.58759 -0.76492 -0.61502 -0.76004 -0.47693

compRangeBiasAndRxChanPhase 0.0870040 0.07397 -0.85306 -0.03986 -0.97430 -0.01358 -0.94916 -0.14130 -0.85544 0.08273 -0.77084 0.01904 -0.89276 0.04840 -0.86942 -0.06421 -0.79092 -0.67563 -0.56769 -0.80978 -0.58673 -0.76416 -0.61526 -0.76053 -0.47641

compRangeBiasAndRxChanPhase 0.0870084 0.07593 -0.85016 -0.03763 -0.97327 -0.01169 -0.94623 -0.13669 -0.85254 0.08392 -0.76883 0.02246 -0.88907 0.05017 -0.86789 -0.06198 -0.78833 -0.67386 -0.56787 -0.80795 -0.58926 -0.76239 -0.61374 -0.75592 -0.47617

compRangeBiasAndRxChanPhase 0.0870148 0.07239 -0.85361 -0.04187 -0.97598 -0.01559 -0.95050 -0.14117 -0.85535 0.08066 -0.77249 0.01657 -0.89325 0.04593 -0.87143 -0.06595 -0.79077 -0.67633 -0.56439 -0.81085 -0.58527 -0.76767 -0.61392 -0.76080 -0.47409

compRangeBiasAndRxChanPhase 0.0870133 0.07648 -0.85104 -0.03824 -0.97372 -0.01035 -0.94821 -0.13651 -0.85440 0.08569 -0.76987 0.02164 -0.89182 0.05106 -0.87091 -0.06256 -0.78925 -0.67355 -0.56799 -0.80811 -0.58902 -0.76340 -0.61697 -0.75873 -0.47748

compRangeBiasAndRxChanPhase 0.0869958 0.07608 -0.85083 -0.03546 -0.97293 -0.00998 -0.94766 -0.13644 -0.85324 0.08484 -0.77078 0.02216 -0.89096 0.05161 -0.87033 -0.06290 -0.78964 -0.67276 -0.56708 -0.80838 -0.58868 -0.76212 -0.61597 -0.75729 -0.47653

compRangeBiasAndRxChanPhase 0.0870101 0.07205 -0.85352 -0.04272 -0.97525 -0.01483 -0.95007 -0.14301 -0.85461 0.08029 -0.77133 0.01572 -0.89355 0.04626 -0.87228 -0.06650 -0.79123 -0.67993 -0.56454 -0.81183 -0.58389 -0.76776 -0.61255 -0.76080 -0.47256

compRangeBiasAndRxChanPhase 0.0869951 0.07016 -0.85211 -0.04514 -0.97369 -0.01828 -0.94867 -0.14307 -0.85431 0.07870 -0.77240 0.01514 -0.89413 0.04575 -0.87329 -0.06812 -0.79102 -0.67862 -0.56223 -0.81241 -0.58310 -0.76862 -0.61148 -0.76318 -0.47250

compRangeBiasAndRxChanPhase 0.0870030 0.07626 -0.85370 -0.03821 -0.97644 -0.01254 -0.94931 -0.13959 -0.85675 0.08429 -0.77216 0.02066 -0.89209 0.05020 -0.87262 -0.06247 -0.79175 -0.67496 -0.56812 -0.80878 -0.58810 -0.76291 -0.61761 -0.75916 -0.47659

compRangeBiasAndRxChanPhase 0.0870128 0.07172 -0.85226 -0.04306 -0.97372 -0.01669 -0.94858 -0.14246 -0.85480 0.08102 -0.77191 0.01651 -0.89340 0.04684 -0.87234 -0.06583 -0.79053 -0.67679 -0.56430 -0.81049 -0.58578 -0.76657 -0.61261 -0.76019 -0.47214

compRangeBiasAndRxChanPhase 0.0870023 0.07043 -0.85330 -0.04413 -0.97711 -0.01929 -0.95200 -0.14505 -0.85635 0.07999 -0.77225 0.01514 -0.89285 0.04538 -0.87149 -0.06812 -0.79105 -0.67847 -0.56400 -0.81174 -0.58405 -0.76706 -0.61304 -0.76328 -0.47260

compRangeBiasAndRxChanPhase 0.0870049 0.07150 -0.85397 -0.04318 -0.97778 -0.01767 -0.95062 -0.14471 -0.85617 0.08051 -0.77341 0.01697 -0.89456 0.04657 -0.87399 -0.06625 -0.79227 -0.67676 -0.56436 -0.81039 -0.58591 -0.76611 -0.61264 -0.76154 -0.47247

compRangeBiasAndRxChanPhase 0.0869921 0.07483 -0.85309 -0.03836 -0.97556 -0.01218 -0.94855 -0.13773 -0.85513 0.08533 -0.77048 0.02176 -0.89218 0.05051 -0.86996 -0.06149 -0.79156 -0.67413 -0.56711 -0.80771 -0.58960 -0.76422 -0.61707 -0.75916 -0.47769

compRangeBiasAndRxChanPhase 0.0870017 0.07516 -0.85648 -0.03726 -0.98041 -0.01202 -0.95432 -0.14023 -0.85803 0.08441 -0.77429 0.02103 -0.89600 0.05078 -0.87308 -0.06259 -0.79373 -0.67703 -0.57034 -0.80807 -0.58908 -0.76599 -0.61740 -0.76031 -0.47958

compRangeBiasAndRxChanPhase 0.0870161 0.07599 -0.85300 -0.03992 -0.97620 -0.01297 -0.95050 -0.14014 -0.85437 0.08362 -0.77118 0.02103 -0.89236 0.04980 -0.87091 -0.06271 -0.78979 -0.67627 -0.56717 -0.80875 -0.58817 -0.76608 -0.61621 -0.76044 -0.47830

Measurement 2:
compRangeBiasAndRxChanPhase 0.0871197 0.13437 -0.84604 0.02832 -0.97748 0.05188 -0.95044 -0.08078 -0.86505 0.13821 -0.76602 0.08322 -0.89325 0.11102 -0.86932 -0.00699 -0.79697 -0.63458 -0.61307 -0.76523 -0.64377 -0.72113 -0.66794 -0.72522 -0.52875

compRangeBiasAndRxChanPhase 0.0871005 0.13116 -0.84662 0.02441 -0.97635 0.04596 -0.95090 -0.08490 -0.86404 0.13434 -0.76779 0.07855 -0.89316 0.10605 -0.87073 -0.01324 -0.79681 -0.63724 -0.61166 -0.76889 -0.63937 -0.72296 -0.66364 -0.72748 -0.52365

compRangeBiasAndRxChanPhase 0.0871102 0.13293 -0.84866 0.02713 -0.97763 0.04919 -0.95093 -0.08234 -0.86423 0.13776 -0.76776 0.08200 -0.89456 0.10995 -0.86966 -0.01041 -0.79791 -0.63492 -0.61356 -0.76553 -0.64340 -0.72113 -0.66971 -0.72522 -0.52924

compRangeBiasAndRxChanPhase 0.0871023 0.13528 -0.84732 0.02814 -0.97546 0.05243 -0.94998 -0.07925 -0.86237 0.13934 -0.76614 0.08301 -0.89236 0.11099 -0.86856 -0.00818 -0.79706 -0.63251 -0.61319 -0.76474 -0.64435 -0.71927 -0.66766 -0.72327 -0.52893

compRangeBiasAndRxChanPhase 0.0871255 0.13214 -0.84720 0.02750 -0.97736 0.05087 -0.94885 -0.08170 -0.86353 0.13672 -0.76645 0.08023 -0.89444 0.10947 -0.86844 -0.00940 -0.79736 -0.63495 -0.61139 -0.76678 -0.64191 -0.72018 -0.66562 -0.72574 -0.52652

compRangeBiasAndRxChanPhase 0.0871027 0.12439 -0.84872 0.01636 -0.97607 0.04160 -0.95059 -0.09201 -0.86194 0.12933 -0.76636 0.07285 -0.89270 0.10010 -0.86807 -0.01776 -0.79477 -0.63995 -0.60544 -0.77185 -0.63580 -0.72583 -0.65933 -0.72910 -0.52036

compRangeBiasAndRxChanPhase 0.0871116 0.12775 -0.84750 0.02209 -0.97800 0.04611 -0.95172 -0.08743 -0.86307 0.13287 -0.76700 0.07687 -0.89224 0.10538 -0.86887 -0.01291 -0.79645 -0.63812 -0.60938 -0.76962 -0.63849 -0.72275 -0.66364 -0.72729 -0.52332

compRangeBiasAndRxChanPhase 0.0871161 0.13571 -0.84811 0.03085 -0.97794 0.05487 -0.94962 -0.07971 -0.86740 0.13892 -0.76633 0.08450 -0.89230 0.11252 -0.86951 -0.00641 -0.79630 -0.63376 -0.61581 -0.76422 -0.64496 -0.72113 -0.67096 -0.72382 -0.53024

compRangeBiasAndRxChanPhase 0.0871016 0.12827 -0.84763 0.02213 -0.97842 0.04630 -0.94952 -0.08829 -0.86252 0.13260 -0.76733 0.07608 -0.89401 0.10562 -0.86911 -0.01480 -0.79605 -0.63712 -0.61026 -0.77026 -0.63773 -0.72430 -0.66306 -0.72791 -0.52267

compRangeBiasAndRxChanPhase 0.0870949 0.12747 -0.84799 0.02063 -0.97830 0.04373 -0.94949 -0.08813 -0.86273 0.13184 -0.76636 0.07678 -0.89301 0.10568 -0.86841 -0.01346 -0.79510 -0.63672 -0.60855 -0.76923 -0.63901 -0.72388 -0.66266 -0.72736 -0.52335

compRangeBiasAndRxChanPhase 0.0871018 0.12811 -0.84753 0.02161 -0.97870 0.04611 -0.95087 -0.08780 -0.86398 0.13245 -0.76678 0.07727 -0.89310 0.10501 -0.86972 -0.01291 -0.79626 -0.63751 -0.60983 -0.76907 -0.63916 -0.72400 -0.66327 -0.72836 -0.52356

compRangeBiasAndRxChanPhase 0.0870946 0.13400 -0.84720 0.02832 -0.97757 0.05243 -0.94943 -0.08139 -0.86349 0.13687 -0.76651 0.08276 -0.89322 0.11078 -0.86804 -0.00705 -0.79721 -0.63300 -0.61511 -0.76569 -0.64319 -0.71881 -0.66776 -0.72406 -0.52859

compRangeBiasAndRxChanPhase 0.0870937 0.13315 -0.84650 0.02756 -0.97601 0.05215 -0.94901 -0.08228 -0.86334 0.13690 -0.76685 0.08176 -0.89316 0.11026 -0.86942 -0.00925 -0.79712 -0.63428 -0.61313 -0.76648 -0.64224 -0.72079 -0.66849 -0.72495 -0.52805

compRangeBiasAndRxChanPhase 0.0871052 0.13214 -0.84692 0.02808 -0.97736 0.05096 -0.95010 -0.08115 -0.86407 0.13812 -0.76663 0.08267 -0.89297 0.10983 -0.86856 -0.00790 -0.79608 -0.63495 -0.61267 -0.76569 -0.64319 -0.71960 -0.66690 -0.72495 -0.52765

compRangeBiasAndRxChanPhase 0.0871257 0.13339 -0.84424 0.02988 -0.97510 0.05118 -0.94635 -0.08087 -0.86237 0.13797 -0.76462 0.08386 -0.89090 0.11121 -0.86700 -0.00677 -0.79553 -0.63330 -0.61261 -0.76602 -0.64282 -0.71924 -0.66736 -0.72369 -0.52731

compRangeBiasAndRxChanPhase 0.0871042 0.12772 -0.84659 0.02112 -0.97699 0.04587 -0.95047 -0.08612 -0.86194 0.13263 -0.76657 0.07770 -0.89236 0.10529 -0.86829 -0.01312 -0.79459 -0.63788 -0.60928 -0.77045 -0.63751 -0.72397 -0.66171 -0.72711 -0.52390

compRangeBiasAndRxChanPhase 0.0871225 0.13382 -0.84924 0.02905 -0.97906 0.05219 -0.95190 -0.08102 -0.86639 0.13861 -0.76807 0.08298 -0.89539 0.11084 -0.87067 -0.00793 -0.79816 -0.63498 -0.61487 -0.76587 -0.64301 -0.72116 -0.66959 -0.72534 -0.52957

compRangeBiasAndRxChanPhase 0.0870964 0.12750 -0.84979 0.02032 -0.98001 0.04776 -0.95316 -0.08801 -0.86682 0.13351 -0.76941 0.07599 -0.89474 0.10446 -0.87088 -0.01453 -0.79807 -0.63809 -0.61105 -0.76959 -0.63852 -0.72409 -0.66541 -0.72836 -0.52490

compRangeBiasAndRxChanPhase 0.0871188 0.13239 -0.84805 0.02597 -0.97870 0.04916 -0.95218 -0.08405 -0.86545 0.13690 -0.76657 0.08215 -0.89246 0.10855 -0.86917 -0.00964 -0.79605 -0.63388 -0.61270 -0.76505 -0.64398 -0.72095 -0.66660 -0.72458 -0.52789

compRangeBiasAndRxChanPhase 0.0871032 0.12869 -0.84607 0.02423 -0.97592 0.04590 -0.94910 -0.08600 -0.86234 0.13318 -0.76508 0.07898 -0.89215 0.10526 -0.86838 -0.01306 -0.79440 -0.63562 -0.60861 -0.76837 -0.64001 -0.72089 -0.66217 -0.72647 -0.52521

compRangeBiasAndRxChanPhase 0.0871025 0.12866 -0.84589 0.02365 -0.97714 0.04636 -0.94925 -0.08444 -0.86240 0.13531 -0.76675 0.07913 -0.89117 0.10565 -0.86911 -0.01242 -0.79623 -0.63690 -0.61035 -0.76871 -0.63959 -0.72388 -0.66495 -0.72687 -0.52444

compRangeBiasAndRxChanPhase 0.0871020 0.13486 -0.84720 0.02823 -0.97806 0.05219 -0.94965 -0.07953 -0.86227 0.13864 -0.76553 0.08194 -0.89209 0.11209 -0.86792 -0.00742 -0.79553 -0.63354 -0.61325 -0.76489 -0.64417 -0.71906 -0.66766 -0.72504 -0.52878

compRangeBiasAndRxChanPhase 0.0871165 0.13089 -0.84705 0.02634 -0.97949 0.05032 -0.94980 -0.08298 -0.86429 0.13730 -0.76523 0.08340 -0.89157 0.11090 -0.86694 -0.00958 -0.79694 -0.63379 -0.61380 -0.76587 -0.64301 -0.71954 -0.66675 -0.72467 -0.52768

compRangeBiasAndRxChanPhase 0.0871082 0.12796 -0.84900 0.02103 -0.97958 0.04620 -0.94980 -0.08530 -0.86438 0.13266 -0.76828 0.07693 -0.89444 0.10440 -0.87048 -0.01318 -0.79749 -0.63739 -0.60971 -0.76923 -0.63898 -0.72186 -0.66309 -0.72867 -0.52328

compRangeBiasAndRxChanPhase 0.0871266 0.13361 -0.84589 0.02737 -0.97592 0.04996 -0.94955 -0.08215 -0.86371 0.13617 -0.76514 0.08029 -0.89063 0.10867 -0.86597 -0.00925 -0.79486 -0.63290 -0.61197 -0.76715 -0.64148 -0.71927 -0.66483 -0.72354 -0.52686

compRangeBiasAndRxChanPhase 0.0871119 0.13284 -0.84906 0.02740 -0.97742 0.05130 -0.95059 -0.08099 -0.86493 0.13867 -0.76746 0.08334 -0.89505 0.11081 -0.87003 -0.00787 -0.79633 -0.63400 -0.61551 -0.76624 -0.64258 -0.71909 -0.66895 -0.72565 -0.52795

compRangeBiasAndRxChanPhase 0.0871186 0.12805 -0.84714 0.02115 -0.97601 0.04532 -0.94894 -0.08612 -0.86221 0.13312 -0.76654 0.07645 -0.89279 0.10468 -0.86765 -0.01309 -0.79657 -0.63843 -0.60913 -0.76950 -0.63864 -0.72287 -0.66196 -0.72668 -0.52213

compRangeBiasAndRxChanPhase 0.0871264 0.12857 -0.84741 0.02252 -0.97742 0.04602 -0.94867 -0.08615 -0.86362 0.13379 -0.76672 0.07843 -0.89304 0.10532 -0.86813 -0.01273 -0.79684 -0.63788 -0.60913 -0.76917 -0.63904 -0.72409 -0.66296 -0.72833 -0.52444

Measurement 3:
compRangeBiasAndRxChanPhase 0.0870963 0.12524 -0.84750 0.01669 -0.97815 0.04071 -0.95038 -0.09140 -0.86252 0.12930 -0.76657 0.07352 -0.89206 0.10071 -0.86835 -0.01791 -0.79532 -0.63983 -0.60526 -0.77277 -0.63467 -0.72745 -0.65979 -0.73154 -0.51941

compRangeBiasAndRxChanPhase 0.0871173 0.12628 -0.84738 0.01987 -0.97885 0.04187 -0.94943 -0.08926 -0.86230 0.13022 -0.76675 0.07446 -0.89313 0.10220 -0.86932 -0.01663 -0.79697 -0.63950 -0.60654 -0.77292 -0.63449 -0.72583 -0.66046 -0.73026 -0.52029

compRangeBiasAndRxChanPhase 0.0870942 0.12366 -0.84799 0.01614 -0.97488 0.04102 -0.94931 -0.09119 -0.86188 0.12894 -0.76767 0.07312 -0.89371 0.09955 -0.86880 -0.01740 -0.79578 -0.64081 -0.60474 -0.77353 -0.63376 -0.72830 -0.65912 -0.73111 -0.51978

compRangeBiasAndRxChanPhase 0.0871235 0.13068 -0.84631 0.02423 -0.97549 0.04813 -0.95013 -0.08575 -0.86356 0.13431 -0.76657 0.07803 -0.89172 0.10645 -0.86856 -0.01193 -0.79520 -0.63647 -0.61044 -0.76889 -0.63937 -0.72412 -0.66513 -0.72668 -0.52518

compRangeBiasAndRxChanPhase 0.0870920 0.12616 -0.84625 0.02075 -0.97574 0.04477 -0.94867 -0.08823 -0.86282 0.13196 -0.76596 0.07654 -0.89206 0.10376 -0.86905 -0.01480 -0.79559 -0.63870 -0.60684 -0.77106 -0.63678 -0.72632 -0.66058 -0.72861 -0.52234

compRangeBiasAndRxChanPhase 0.0871117 0.12897 -0.84824 0.02036 -0.97733 0.04605 -0.95212 -0.08670 -0.86340 0.13376 -0.76669 0.07614 -0.89410 0.10544 -0.86838 -0.01401 -0.79626 -0.63696 -0.60837 -0.76923 -0.63898 -0.72443 -0.66208 -0.72763 -0.52261

compRangeBiasAndRxChanPhase 0.0870971 0.13052 -0.84656 0.02313 -0.97845 0.04712 -0.95029 -0.08661 -0.86310 0.13400 -0.76511 0.07819 -0.89319 0.10614 -0.86844 -0.01123 -0.79712 -0.63708 -0.61029 -0.76877 -0.63953 -0.72275 -0.66287 -0.72885 -0.52423

compRangeBiasAndRxChanPhase 0.0871303 0.12961 -0.84778 0.02237 -0.97644 0.04620 -0.94955 -0.08377 -0.86279 0.13492 -0.76544 0.07825 -0.89261 0.10715 -0.86798 -0.01257 -0.79630 -0.63672 -0.60977 -0.76935 -0.63882 -0.72205 -0.66293 -0.72852 -0.52548

compRangeBiasAndRxChanPhase 0.0871075 0.12927 -0.84912 0.02234 -0.98032 0.04660 -0.95267 -0.08539 -0.86374 0.13434 -0.76602 0.07870 -0.89304 0.10550 -0.86899 -0.01141 -0.79529 -0.63654 -0.61115 -0.76822 -0.64020 -0.72220 -0.66422 -0.72766 -0.52515

compRangeBiasAndRxChanPhase 0.0871133 0.13068 -0.84891 0.02606 -0.97797 0.04858 -0.94998 -0.08365 -0.86389 0.13535 -0.76700 0.07922 -0.89307 0.10815 -0.86960 -0.01215 -0.79608 -0.63611 -0.61063 -0.76859 -0.63974 -0.72281 -0.66531 -0.72733 -0.52417

compRangeBiasAndRxChanPhase 0.0870947 0.12616 -0.84689 0.01877 -0.97543 0.04330 -0.94864 -0.08865 -0.86142 0.13126 -0.76703 0.07452 -0.89352 0.10297 -0.86908 -0.01608 -0.79578 -0.63974 -0.60782 -0.77216 -0.63544 -0.72504 -0.66183 -0.72931 -0.52069

compRangeBiasAndRxChanPhase 0.0871069 0.12384 -0.84766 0.01782 -0.97855 0.04245 -0.95053 -0.08990 -0.86411 0.12988 -0.76865 0.07364 -0.89337 0.10175 -0.87100 -0.01660 -0.79639 -0.63919 -0.60657 -0.77277 -0.63470 -0.72626 -0.66113 -0.72897 -0.51981

compRangeBiasAndRxChanPhase 0.0871158 0.12656 -0.84848 0.02023 -0.97784 0.04242 -0.95035 -0.08929 -0.86325 0.13129 -0.76773 0.07452 -0.89304 0.10245 -0.86844 -0.01584 -0.79556 -0.63843 -0.60660 -0.77170 -0.63599 -0.72589 -0.66150 -0.72833 -0.52130

compRangeBiasAndRxChanPhase 0.0870934 0.13058 -0.84564 0.02332 -0.97589 0.04761 -0.95007 -0.08551 -0.86322 0.13492 -0.76556 0.07996 -0.89188 0.10526 -0.86743 -0.01144 -0.79529 -0.63708 -0.61127 -0.76913 -0.63907 -0.72336 -0.66504 -0.72766 -0.52408

compRangeBiasAndRxChanPhase 0.0870880 0.12436 -0.84653 0.01761 -0.97546 0.04019 -0.94965 -0.09009 -0.86063 0.12976 -0.76572 0.07236 -0.89169 0.10120 -0.86841 -0.01627 -0.79483 -0.63889 -0.60471 -0.77307 -0.63431 -0.72687 -0.65790 -0.72897 -0.51935

compRangeBiasAndRxChanPhase 0.0871340 0.13159 -0.84683 0.02646 -0.97723 0.05017 -0.94885 -0.08292 -0.86209 0.13718 -0.76523 0.08115 -0.89285 0.10919 -0.86661 -0.00946 -0.79510 -0.63419 -0.61035 -0.76761 -0.64093 -0.72147 -0.66391 -0.72476 -0.52469

compRangeBiasAndRxChanPhase 0.0871119 0.12595 -0.84824 0.01971 -0.97824 0.04425 -0.95200 -0.08926 -0.86523 0.13220 -0.76813 0.07520 -0.89270 0.10336 -0.86984 -0.01382 -0.79565 -0.64029 -0.60684 -0.77213 -0.63547 -0.72540 -0.66257 -0.72900 -0.52023

compRangeBiasAndRxChanPhase 0.0870936 0.12781 -0.84723 0.02072 -0.97705 0.04544 -0.95111 -0.08890 -0.86337 0.13126 -0.76764 0.07605 -0.89386 0.10309 -0.87045 -0.01495 -0.79663 -0.63876 -0.60690 -0.77115 -0.63666 -0.72610 -0.66299 -0.73071 -0.52112

compRangeBiasAndRxChanPhase 0.0871139 0.12558 -0.84763 0.01840 -0.97958 0.04303 -0.95114 -0.09079 -0.86383 0.13159 -0.76794 0.07474 -0.89328 0.10184 -0.86954 -0.01624 -0.79605 -0.64078 -0.60635 -0.77158 -0.63614 -0.72748 -0.65988 -0.73056 -0.52042

compRangeBiasAndRxChanPhase 0.0871244 0.12610 -0.84732 0.01828 -0.97733 0.04236 -0.94943 -0.08908 -0.86276 0.13052 -0.76700 0.07507 -0.89420 0.10251 -0.87006 -0.01538 -0.79651 -0.63968 -0.60684 -0.77167 -0.63605 -0.72659 -0.66003 -0.73114 -0.52084

compRangeBiasAndRxChanPhase 0.0871116 0.13162 -0.84839 0.02585 -0.97778 0.05063 -0.95132 -0.08191 -0.86438 0.13669 -0.76620 0.07980 -0.89261 0.10843 -0.87036 -0.01123 -0.79684 -0.63623 -0.61087 -0.76669 -0.64203 -0.72192 -0.66586 -0.72556 -0.52585

compRangeBiasAndRxChanPhase 0.0871016 0.13120 -0.84720 0.02411 -0.97565 0.04767 -0.95059 -0.08420 -0.86526 0.13605 -0.76651 0.08054 -0.89090 0.10925 -0.86807 -0.01154 -0.79514 -0.63519 -0.61047 -0.76801 -0.64044 -0.72208 -0.66467 -0.72610 -0.52539

compRangeBiasAndRxChanPhase 0.0871058 0.12500 -0.84802 0.01709 -0.97778 0.04208 -0.95099 -0.09006 -0.86301 0.13086 -0.76624 0.07495 -0.89182 0.10300 -0.86853 -0.01556 -0.79465 -0.63889 -0.60654 -0.77170 -0.63599 -0.72568 -0.66086 -0.72916 -0.52219

compRangeBiasAndRxChanPhase 0.0870946 0.13126 -0.84821 0.02493 -0.97876 0.04810 -0.94955 -0.08533 -0.86523 0.13522 -0.76511 0.07922 -0.89365 0.10818 -0.86920 -0.01144 -0.79605 -0.63614 -0.61090 -0.76807 -0.64038 -0.72211 -0.66476 -0.72635 -0.52695

compRangeBiasAndRxChanPhase 0.0871020 0.13113 -0.84753 0.02365 -0.97891 0.04907 -0.95117 -0.08389 -0.86371 0.13541 -0.76718 0.07938 -0.89313 0.10706 -0.86963 -0.01135 -0.79556 -0.63785 -0.61148 -0.76895 -0.63931 -0.72266 -0.66354 -0.72791 -0.52570

compRangeBiasAndRxChanPhase 0.0871116 0.12424 -0.84937 0.01630 -0.97736 0.04309 -0.95224 -0.09195 -0.86285 0.12982 -0.76859 0.07410 -0.89465 0.10202 -0.86951 -0.01645 -0.79633 -0.64014 -0.60602 -0.77325 -0.63409 -0.72775 -0.66019 -0.73056 -0.52078

compRangeBiasAndRxChanPhase 0.0871166 0.12814 -0.84891 0.02206 -0.97876 0.04446 -0.95215 -0.08719 -0.86447 0.13245 -0.76779 0.07687 -0.89453 0.10422 -0.87122 -0.01358 -0.79724 -0.63950 -0.60782 -0.77136 -0.63638 -0.72626 -0.66272 -0.73010 -0.52277

compRangeBiasAndRxChanPhase 0.0870905 0.12433 -0.84995 0.01788 -0.97873 0.04178 -0.95209 -0.09021 -0.86414 0.12970 -0.76865 0.07379 -0.89490 0.10074 -0.87036 -0.01678 -0.79636 -0.64108 -0.60730 -0.77228 -0.63528 -0.72702 -0.66089 -0.72934 -0.52203

compRangeBiasAndRxChanPhase 0.0871070 0.13077 -0.84924 0.02576 -0.97879 0.04846 -0.95267 -0.08533 -0.86557 0.13580 -0.76682 0.08096 -0.89346 0.10678 -0.86990 -0.01038 -0.79657 -0.63599 -0.61197 -0.76736 -0.64120 -0.72232 -0.66562 -0.72675 -0.52759

compRangeBiasAndRxChanPhase 0.0870894 0.12979 -0.84937 0.02225 -0.97958 0.04578 -0.95145 -0.08719 -0.86578 0.13364 -0.76761 0.07828 -0.89377 0.10538 -0.87085 -0.01337 -0.79697 -0.63803 -0.61069 -0.76941 -0.63876 -0.72354 -0.66486 -0.72821 -0.52414

compRangeBiasAndRxChanPhase 0.0870888 0.12857 -0.84860 0.02325 -0.97705 0.04779 -0.95239 -0.08557 -0.86395 0.13437 -0.76752 0.07813 -0.89362 0.10587 -0.86932 -0.01230 -0.79651 -0.63684 -0.60971 -0.76947 -0.63867 -0.72446 -0.66364 -0.72910 -0.52457

compRangeBiasAndRxChanPhase 0.0871011 0.12537 -0.84894 0.01910 -0.97803 0.04230 -0.95166 -0.08969 -0.86270 0.12991 -0.76611 0.07343 -0.89273 0.10132 -0.86923 -0.01624 -0.79700 -0.64105 -0.60596 -0.77267 -0.63480 -0.72876 -0.66022 -0.73019 -0.51968

compRangeBiasAndRxChanPhase 0.0871166 0.12567 -0.84805 0.01697 -0.97690 0.04187 -0.95172 -0.08923 -0.86374 0.12946 -0.76782 0.07346 -0.89313 0.10144 -0.86893 -0.01736 -0.79660 -0.64178 -0.60678 -0.77328 -0.63406 -0.72653 -0.66006 -0.73108 -0.52161

compRangeBiasAndRxChanPhase 0.0870941 0.12900 -0.84714 0.02338 -0.97559 0.04663 -0.94980 -0.08630 -0.86249 0.13342 -0.76538 0.07831 -0.89270 0.10648 -0.86890 -0.01288 -0.79660 -0.63446 -0.60907 -0.76813 -0.64029 -0.72150 -0.66287 -0.72495 -0.52267

compRangeBiasAndRxChanPhase 0.0871089 0.12958 -0.84683 0.02386 -0.97812 0.04663 -0.94943 -0.08600 -0.86374 0.13486 -0.76624 0.07947 -0.89182 0.10544 -0.86871 -0.01236 -0.79575 -0.63654 -0.60889 -0.76886 -0.63943 -0.72287 -0.66342 -0.72806 -0.52441

compRangeBiasAndRxChanPhase 0.0870867 0.13065 -0.84738 0.02411 -0.97696 0.04797 -0.95160 -0.08481 -0.86185 0.13663 -0.76630 0.07947 -0.89233 0.10727 -0.86783 -0.01126 -0.79633 -0.63516 -0.60934 -0.76804 -0.64041 -0.72156 -0.66415 -0.72745 -0.52405

compRangeBiasAndRxChanPhase 0.0871085 0.12567 -0.84848 0.01767 -0.97778 0.04120 -0.95062 -0.08972 -0.86447 0.12961 -0.76804 0.07275 -0.89255 0.10202 -0.86963 -0.01749 -0.79709 -0.64148 -0.60632 -0.77304 -0.63437 -0.72714 -0.66116 -0.73120 -0.52136
