Measurement 1:
compRangeBiasAndRxChanPhase 0.0830664 -0.35956 -0.79083 -0.66119 -0.75021 -0.56570 -0.81009 -0.69394 -0.64871 0.30414 -0.74493 0.08658 -0.94424 0.18665 -0.90668 0.01215 -0.89072 -0.38651 -0.72723 -0.66571 -0.67862 -0.57315 -0.73074 -0.68314 -0.57648

compRangeBiasAndRxChanPhase 0.0830670 -0.35892 -0.78915 -0.66306 -0.74857 -0.56586 -0.80698 -0.69571 -0.64566 0.30334 -0.74313 0.08585 -0.94232 0.18768 -0.90317 0.01434 -0.88602 -0.38629 -0.72510 -0.66342 -0.67639 -0.57227 -0.73016 -0.67926 -0.57056

compRangeBiasAndRxChanPhase 0.0830712 -0.35736 -0.78906 -0.65900 -0.75214 -0.56485 -0.80704 -0.69324 -0.64951 0.30554 -0.74158 0.08984 -0.94647 0.19104 -0.90588 0.01886 -0.89029 -0.38232 -0.72809 -0.66199 -0.67892 -0.56802 -0.72983 -0.68286 -0.57755

compRangeBiasAndRxChanPhase 0.0830413 -0.35941 -0.79272 -0.65723 -0.75369 -0.56451 -0.81012 -0.69461 -0.65054 0.30710 -0.74191 0.09036 -0.94370 0.18802 -0.90735 0.01553 -0.89157 -0.38556 -0.73129 -0.66446 -0.68204 -0.57101 -0.73477 -0.68048 -0.58179

compRangeBiasAndRxChanPhase 0.0830480 -0.35831 -0.79279 -0.65790 -0.75311 -0.56378 -0.80896 -0.69019 -0.65118 0.30713 -0.74207 0.09393 -0.94244 0.19196 -0.90561 0.01752 -0.88889 -0.38458 -0.72849 -0.66507 -0.68365 -0.57217 -0.73486 -0.68311 -0.57819

compRangeBiasAndRxChanPhase 0.0830261 -0.36105 -0.79065 -0.66122 -0.75018 -0.56839 -0.80685 -0.69427 -0.64642 0.30280 -0.74261 0.08615 -0.94208 0.18576 -0.90408 0.01233 -0.88757 -0.38696 -0.72580 -0.66135 -0.67465 -0.57291 -0.72998 -0.68198 -0.57474

compRangeBiasAndRxChanPhase 0.0830524 -0.35480 -0.79297 -0.65671 -0.75415 -0.56009 -0.80801 -0.69263 -0.65112 0.30331 -0.73959 0.09052 -0.94180 0.18951 -0.90125 0.01993 -0.88721 -0.38260 -0.72693 -0.66043 -0.67896 -0.56607 -0.73175 -0.67651 -0.57571

compRangeBiasAndRxChanPhase 0.0830223 -0.35745 -0.78833 -0.65845 -0.75262 -0.56180 -0.80893 -0.69263 -0.64813 0.30804 -0.74030 0.09079 -0.94141 0.19077 -0.90060 0.01804 -0.88910 -0.38303 -0.72693 -0.65948 -0.67780 -0.56674 -0.73090 -0.67688 -0.57632

compRangeBiasAndRxChanPhase 0.0830334 -0.35651 -0.78949 -0.65768 -0.75330 -0.56378 -0.80844 -0.69125 -0.64673 0.30493 -0.74216 0.09250 -0.94489 0.19083 -0.90158 0.01773 -0.88412 -0.38461 -0.72836 -0.65808 -0.67807 -0.56757 -0.72971 -0.67960 -0.57620

compRangeBiasAndRxChanPhase 0.0830012 -0.35358 -0.79129 -0.65515 -0.75549 -0.55960 -0.80762 -0.69043 -0.65060 0.30869 -0.73981 0.09100 -0.94113 0.19247 -0.90576 0.01785 -0.88818 -0.38382 -0.72778 -0.65948 -0.67990 -0.57047 -0.73178 -0.67773 -0.57648

compRangeBiasAndRxChanPhase 0.0830181 -0.35370 -0.79135 -0.65546 -0.75525 -0.56210 -0.81119 -0.69141 -0.65051 0.30777 -0.74377 0.08914 -0.94376 0.19098 -0.90601 0.01596 -0.89041 -0.38333 -0.72977 -0.66290 -0.68274 -0.56818 -0.73340 -0.67899 -0.57645

compRangeBiasAndRxChanPhase 0.0830218 -0.35532 -0.78894 -0.65701 -0.75388 -0.56223 -0.81000 -0.69012 -0.65128 0.30688 -0.73886 0.09283 -0.93951 0.18823 -0.90399 0.01987 -0.88843 -0.38266 -0.72726 -0.65884 -0.67914 -0.56613 -0.73343 -0.67807 -0.57394

compRangeBiasAndRxChanPhase 0.0830093 -0.35431 -0.79263 -0.65732 -0.75360 -0.56256 -0.81137 -0.68814 -0.65256 0.30914 -0.73932 0.09305 -0.93915 0.19412 -0.90463 0.01889 -0.88766 -0.38251 -0.72623 -0.65710 -0.68311 -0.56439 -0.73206 -0.67590 -0.57813

compRangeBiasAndRxChanPhase 0.0830563 -0.35620 -0.79382 -0.65686 -0.75403 -0.56180 -0.81009 -0.69067 -0.65283 0.30725 -0.74429 0.09250 -0.94513 0.19327 -0.90527 0.01764 -0.89139 -0.38547 -0.73120 -0.66074 -0.68192 -0.56738 -0.73456 -0.67917 -0.57809

compRangeBiasAndRxChanPhase 0.0830573 -0.36029 -0.78769 -0.66064 -0.75070 -0.56729 -0.80743 -0.69336 -0.64664 0.30209 -0.74133 0.08640 -0.94003 0.18546 -0.90240 0.01154 -0.88721 -0.38791 -0.72485 -0.66229 -0.67606 -0.57147 -0.72873 -0.67865 -0.57056

compRangeBiasAndRxChanPhase 0.0830500 -0.35928 -0.78815 -0.66232 -0.74921 -0.56580 -0.80597 -0.69495 -0.64542 0.30380 -0.74252 0.08640 -0.94135 0.18768 -0.90445 0.01416 -0.89120 -0.38504 -0.72684 -0.66476 -0.67780 -0.57327 -0.72873 -0.68039 -0.57333

compRangeBiasAndRxChanPhase 0.0830576 -0.35742 -0.79269 -0.65564 -0.75507 -0.56143 -0.81049 -0.69232 -0.65219 0.30853 -0.74048 0.09274 -0.94196 0.18991 -0.90506 0.02029 -0.89133 -0.38428 -0.72986 -0.65985 -0.67978 -0.56973 -0.73428 -0.67932 -0.57764

compRangeBiasAndRxChanPhase 0.0830494 -0.35574 -0.79254 -0.65707 -0.75381 -0.55966 -0.81082 -0.69028 -0.65314 0.30838 -0.74023 0.09436 -0.94025 0.19138 -0.90109 0.02042 -0.88788 -0.38196 -0.72784 -0.65939 -0.68027 -0.56625 -0.73352 -0.67615 -0.57825

compRangeBiasAndRxChanPhase 0.0830381 -0.35471 -0.79196 -0.65323 -0.75717 -0.56155 -0.81122 -0.68884 -0.65167 0.30875 -0.74051 0.09497 -0.94324 0.19260 -0.90442 0.02173 -0.88950 -0.38150 -0.72845 -0.65829 -0.68231 -0.56522 -0.73642 -0.67621 -0.57822

compRangeBiasAndRxChanPhase 0.0830453 -0.35434 -0.79138 -0.65607 -0.75470 -0.56104 -0.80887 -0.68863 -0.65204 0.30710 -0.74078 0.09274 -0.94022 0.18900 -0.90259 0.01837 -0.88574 -0.38159 -0.72986 -0.65771 -0.67905 -0.56497 -0.73306 -0.67700 -0.58002

compRangeBiasAndRxChanPhase 0.0830445 -0.35922 -0.78839 -0.66031 -0.75101 -0.56277 -0.80878 -0.69244 -0.64896 0.30441 -0.74033 0.08795 -0.94092 0.18771 -0.90375 0.01474 -0.88672 -0.38428 -0.72845 -0.66318 -0.67657 -0.57077 -0.73029 -0.67767 -0.57593

compRangeBiasAndRxChanPhase 0.0830512 -0.35797 -0.78796 -0.65976 -0.75146 -0.56366 -0.80795 -0.69003 -0.64615 0.30576 -0.73911 0.08859 -0.94238 0.18555 -0.90302 0.01428 -0.88629 -0.38293 -0.72546 -0.66208 -0.67825 -0.56870 -0.72971 -0.67569 -0.57529

compRangeBiasAndRxChanPhase 0.0830689 -0.35876 -0.78802 -0.66000 -0.75125 -0.56433 -0.80475 -0.69223 -0.64731 0.30331 -0.74258 0.08817 -0.94098 0.18814 -0.90720 0.01462 -0.89029 -0.38605 -0.72614 -0.66122 -0.67761 -0.56912 -0.72946 -0.68103 -0.57559

compRangeBiasAndRxChanPhase 0.0830877 -0.35385 -0.79138 -0.65640 -0.75443 -0.55850 -0.81030 -0.68851 -0.65231 0.30890 -0.73962 0.09442 -0.94000 0.19104 -0.90167 0.02075 -0.88766 -0.38016 -0.72702 -0.65567 -0.68079 -0.56595 -0.73224 -0.67633 -0.57458

compRangeBiasAndRxChanPhase 0.0830324 -0.35663 -0.79343 -0.65442 -0.75613 -0.56259 -0.81262 -0.69232 -0.65601 0.30829 -0.74249 0.09326 -0.94424 0.19217 -0.90778 0.01871 -0.89035 -0.38297 -0.72955 -0.66125 -0.68079 -0.57019 -0.73511 -0.67966 -0.57806

compRangeBiasAndRxChanPhase 0.0830479 -0.36105 -0.78958 -0.66302 -0.74860 -0.56564 -0.80685 -0.69427 -0.64783 0.30322 -0.74039 0.08832 -0.94080 0.18835 -0.90491 0.01596 -0.88605 -0.38757 -0.72726 -0.66275 -0.67557 -0.57285 -0.73007 -0.68115 -0.57343

compRangeBiasAndRxChanPhase 0.0830509 -0.35437 -0.79129 -0.65457 -0.75601 -0.55835 -0.81219 -0.68591 -0.65247 0.30893 -0.73914 0.09412 -0.94086 0.19196 -0.90469 0.01984 -0.88757 -0.38104 -0.72833 -0.65610 -0.68057 -0.56555 -0.73468 -0.67828 -0.57623

compRangeBiasAndRxChanPhase 0.0830329 -0.35684 -0.79044 -0.65613 -0.75464 -0.55881 -0.81073 -0.68771 -0.65121 0.30899 -0.73871 0.09412 -0.94025 0.19302 -0.90070 0.01889 -0.88708 -0.38174 -0.72791 -0.66037 -0.67969 -0.56702 -0.73419 -0.67792 -0.57892

compRangeBiasAndRxChanPhase 0.0830465 -0.35199 -0.79010 -0.65546 -0.75522 -0.55887 -0.81210 -0.68765 -0.65161 0.31082 -0.73935 0.09644 -0.93829 0.19247 -0.90134 0.02124 -0.88776 -0.38126 -0.72861 -0.65601 -0.68378 -0.56625 -0.73300 -0.67685 -0.57870

compRangeBiasAndRxChanPhase 0.0830142 -0.35287 -0.79285 -0.65387 -0.75662 -0.55887 -0.81479 -0.68854 -0.65271 0.30719 -0.73975 0.09579 -0.94000 0.19199 -0.90210 0.02023 -0.88608 -0.38101 -0.73035 -0.65826 -0.68167 -0.56430 -0.73639 -0.67468 -0.57950

compRangeBiasAndRxChanPhase 0.0830522 -0.35873 -0.78693 -0.66055 -0.75079 -0.56613 -0.80774 -0.69046 -0.64545 0.30310 -0.73993 0.08969 -0.93912 0.18408 -0.90350 0.01492 -0.88510 -0.38474 -0.72473 -0.66208 -0.67545 -0.56833 -0.72595 -0.67902 -0.56970

compRangeBiasAndRxChanPhase 0.0830389 -0.35861 -0.78748 -0.66058 -0.75073 -0.56638 -0.80496 -0.69101 -0.64560 0.30359 -0.74155 0.08578 -0.94205 0.18564 -0.90509 0.01532 -0.88705 -0.38455 -0.72354 -0.66214 -0.67523 -0.57162 -0.72879 -0.68060 -0.57330

compRangeBiasAndRxChanPhase 0.0830256 -0.35187 -0.79117 -0.65402 -0.75647 -0.55731 -0.80933 -0.68585 -0.65204 0.30811 -0.73932 0.09445 -0.93668 0.19269 -0.90149 0.02078 -0.88571 -0.37988 -0.72882 -0.65854 -0.68076 -0.56479 -0.73352 -0.67563 -0.57745

compRangeBiasAndRxChanPhase 0.0830686 -0.35550 -0.79117 -0.65714 -0.75375 -0.56036 -0.81061 -0.68701 -0.65576 0.30923 -0.74054 0.09320 -0.94113 0.19199 -0.90463 0.01984 -0.88785 -0.38174 -0.72995 -0.65906 -0.68411 -0.56619 -0.73438 -0.67542 -0.57571

compRangeBiasAndRxChanPhase 0.0830335 -0.35818 -0.78702 -0.65979 -0.75146 -0.56165 -0.80624 -0.69168 -0.64725 0.30536 -0.74139 0.08853 -0.94080 0.18903 -0.90341 0.01611 -0.88925 -0.38614 -0.72461 -0.66031 -0.67520 -0.56894 -0.73001 -0.67862 -0.57251

Measurement 2:
compRangeBiasAndRxChanPhase 0.0878105 0.14423 0.78671 0.24554 0.96939 0.29431 0.89441 0.42719 0.72461 -0.37994 0.65195 -0.44870 0.84229 -0.36264 0.81711 -0.15161 0.77600 0.02173 0.78854 0.07040 0.98404 0.13290 0.91202 0.29724 0.76514

compRangeBiasAndRxChanPhase 0.0878047 0.14526 0.78549 0.24646 0.96915 0.29416 0.89569 0.42798 0.72476 -0.37906 0.65353 -0.44962 0.84433 -0.35977 0.82019 -0.15262 0.77588 0.02170 0.78693 0.06940 0.98398 0.13290 0.91205 0.29587 0.76349

compRangeBiasAndRxChanPhase 0.0878367 0.14362 0.78662 0.24536 0.96942 0.29587 0.89716 0.42609 0.72601 -0.38153 0.65341 -0.44800 0.84402 -0.36212 0.81970 -0.15332 0.77805 0.02087 0.78857 0.07120 0.98541 0.13434 0.91547 0.29727 0.76709

compRangeBiasAndRxChanPhase 0.0877938 0.14984 0.78638 0.25525 0.96686 0.30173 0.89560 0.43210 0.72205 -0.37689 0.65723 -0.44196 0.84790 -0.35532 0.82236 -0.14777 0.77872 0.02582 0.78940 0.07703 0.98389 0.13983 0.91364 0.30103 0.76474

compRangeBiasAndRxChanPhase 0.0878081 0.14807 0.78537 0.25302 0.96747 0.29913 0.89255 0.43137 0.72073 -0.38425 0.65097 -0.45364 0.84256 -0.36777 0.81543 -0.15668 0.77472 0.01654 0.78665 0.06622 0.98221 0.12738 0.91428 0.29230 0.76563

compRangeBiasAndRxChanPhase 0.0878057 0.14651 0.78754 0.25009 0.96823 0.29578 0.89545 0.42944 0.72623 -0.37961 0.65591 -0.44635 0.84686 -0.35944 0.82303 -0.15033 0.78143 0.02258 0.78952 0.07547 0.98428 0.13693 0.91315 0.29938 0.76556

compRangeBiasAndRxChanPhase 0.0878125 0.14273 0.78741 0.24396 0.96979 0.29318 0.89554 0.42563 0.72714 -0.38205 0.65262 -0.44925 0.84412 -0.36353 0.82141 -0.15402 0.77838 0.01971 0.78763 0.06659 0.98160 0.12943 0.91296 0.29550 0.76523

compRangeBiasAndRxChanPhase 0.0877936 0.14600 0.78543 0.25034 0.96817 0.29645 0.89334 0.43176 0.72592 -0.37915 0.65298 -0.44553 0.84543 -0.35834 0.81808 -0.14920 0.77728 0.01266 0.78610 0.06128 0.98318 0.12494 0.91263 0.28900 0.76593

compRangeBiasAndRxChanPhase 0.0878078 0.14746 0.78625 0.25150 0.96786 0.29694 0.89316 0.43161 0.72238 -0.37695 0.65463 -0.44363 0.84662 -0.35916 0.82156 -0.14948 0.77863 0.02466 0.78796 0.07339 0.98218 0.13846 0.91110 0.29816 0.76270

compRangeBiasAndRxChanPhase 0.0878140 0.14374 0.78714 0.24722 0.96896 0.29236 0.89688 0.42584 0.72711 -0.38260 0.65259 -0.45084 0.84451 -0.36340 0.81982 -0.15326 0.77881 0.01935 0.78745 0.06778 0.98410 0.13181 0.91284 0.29514 0.76624

compRangeBiasAndRxChanPhase 0.0877997 0.14651 0.78427 0.24850 0.96863 0.29395 0.89276 0.42780 0.72354 -0.37900 0.65405 -0.44617 0.84561 -0.36078 0.82004 -0.15146 0.77823 0.02307 0.78906 0.07101 0.98581 0.13483 0.91266 0.29828 0.76483

compRangeBiasAndRxChanPhase 0.0878197 0.14713 0.78580 0.25024 0.96817 0.29700 0.89227 0.42880 0.72437 -0.37924 0.65488 -0.44711 0.84726 -0.35965 0.82187 -0.15039 0.77820 0.02267 0.78726 0.07278 0.98303 0.13635 0.91205 0.29968 0.76523

compRangeBiasAndRxChanPhase 0.0878232 0.14212 0.78436 0.24347 0.96991 0.29175 0.89490 0.42358 0.72531 -0.38199 0.65292 -0.45102 0.84161 -0.36328 0.81870 -0.15439 0.77652 0.01688 0.78738 0.06683 0.98483 0.13080 0.91269 0.29300 0.76480

compRangeBiasAndRxChanPhase 0.0878236 0.14157 0.78656 0.24106 0.97052 0.29028 0.89670 0.42480 0.72845 -0.38403 0.65173 -0.45248 0.84344 -0.36475 0.81870 -0.15637 0.77695 0.01984 0.78955 0.06427 0.98505 0.13013 0.91428 0.29538 0.76663

compRangeBiasAndRxChanPhase 0.0878175 0.14526 0.78543 0.24890 0.96854 0.29507 0.89294 0.42917 0.72302 -0.38000 0.65442 -0.44550 0.84265 -0.35950 0.81866 -0.15045 0.77750 0.02258 0.78796 0.07336 0.98181 0.13641 0.91312 0.29782 0.76453

compRangeBiasAndRxChanPhase 0.0878105 0.14682 0.78851 0.24808 0.96875 0.29553 0.89612 0.42908 0.72540 -0.37997 0.65567 -0.44647 0.84781 -0.36124 0.82193 -0.15137 0.77966 0.01413 0.78842 0.06168 0.98541 0.12503 0.91928 0.29044 0.76944

compRangeBiasAndRxChanPhase 0.0877963 0.14099 0.78662 0.24368 0.96985 0.28711 0.89713 0.42297 0.72659 -0.38461 0.65234 -0.45264 0.84344 -0.36694 0.81998 -0.15591 0.77725 0.01794 0.79010 0.06442 0.98453 0.12900 0.91443 0.29330 0.76779

compRangeBiasAndRxChanPhase 0.0877933 0.14444 0.78595 0.24686 0.96906 0.29364 0.89407 0.42798 0.72516 -0.37970 0.65338 -0.44754 0.84360 -0.36185 0.81979 -0.15146 0.77750 0.02167 0.78699 0.07092 0.98251 0.13376 0.91281 0.29657 0.76437

compRangeBiasAndRxChanPhase 0.0878032 0.14444 0.78543 0.24670 0.96909 0.29428 0.89484 0.42755 0.72586 -0.38922 0.65045 -0.46039 0.84146 -0.37170 0.81815 -0.16290 0.77768 0.02139 0.78790 0.07224 0.98413 0.13391 0.91437 0.29858 0.76669

compRangeBiasAndRxChanPhase 0.0877916 0.14139 0.78769 0.24365 0.96988 0.29010 0.89716 0.42444 0.72614 -0.38406 0.65198 -0.45114 0.84363 -0.36511 0.81729 -0.15549 0.77719 0.01901 0.78912 0.06549 0.98590 0.13147 0.91486 0.29526 0.76669

compRangeBiasAndRxChanPhase 0.0878111 0.14514 0.78592 0.25027 0.96817 0.29489 0.89398 0.42892 0.72443 -0.37976 0.65292 -0.44589 0.84470 -0.36087 0.81934 -0.15161 0.77765 0.02216 0.78772 0.07254 0.98230 0.13412 0.91315 0.29892 0.76553

compRangeBiasAndRxChanPhase 0.0878123 0.14120 0.78702 0.24219 0.97021 0.28882 0.89529 0.42310 0.72720 -0.38522 0.65137 -0.45212 0.84232 -0.36404 0.81693 -0.15723 0.77722 0.01672 0.78882 0.06393 0.98288 0.12936 0.91312 0.29181 0.76724

compRangeBiasAndRxChanPhase 0.0877968 0.13998 0.78748 0.24164 0.97037 0.28754 0.89496 0.42258 0.72635 -0.38364 0.64963 -0.45432 0.84164 -0.36545 0.81631 -0.15652 0.77518 0.01495 0.78635 0.06503 0.98160 0.12604 0.91086 0.29099 0.76617

compRangeBiasAndRxChanPhase 0.0877903 0.14105 0.78680 0.24133 0.97046 0.29028 0.89514 0.42496 0.72617 -0.38361 0.65250 -0.45102 0.84412 -0.36444 0.81754 -0.15488 0.77722 0.01794 0.78824 0.06723 0.98306 0.13156 0.91269 0.29391 0.76572

compRangeBiasAndRxChanPhase 0.0878029 0.14481 0.78662 0.24728 0.96893 0.29544 0.89664 0.42685 0.72495 -0.38141 0.65628 -0.44724 0.84610 -0.36139 0.82141 -0.15134 0.77908 0.02243 0.78961 0.07184 0.98456 0.13531 0.91495 0.29837 0.76401

compRangeBiasAndRxChanPhase 0.0878095 0.14468 0.78610 0.24789 0.96878 0.29721 0.89417 0.42776 0.72604 -0.37894 0.65448 -0.44760 0.84470 -0.35953 0.82034 -0.15100 0.77832 0.02240 0.78754 0.07224 0.98105 0.13498 0.91193 0.29828 0.76489

compRangeBiasAndRxChanPhase 0.0878259 0.14374 0.78702 0.24521 0.96945 0.29266 0.89514 0.42691 0.72595 -0.38306 0.65506 -0.44949 0.84576 -0.36209 0.82169 -0.15466 0.77853 0.02023 0.78879 0.07013 0.98666 0.13199 0.91403 0.29672 0.76697

compRangeBiasAndRxChanPhase 0.0878022 0.13855 0.78564 0.23969 0.97086 0.28784 0.89575 0.42310 0.72726 -0.38419 0.64929 -0.45337 0.84174 -0.36697 0.81631 -0.15869 0.77591 0.01535 0.78748 0.06323 0.98312 0.12708 0.91312 0.28964 0.76611

compRangeBiasAndRxChanPhase 0.0878111 0.13873 0.78763 0.23996 0.97076 0.28787 0.89743 0.42361 0.72864 -0.38632 0.65045 -0.45505 0.84253 -0.36548 0.81750 -0.15704 0.77606 0.01526 0.78827 0.06531 0.98264 0.12701 0.91467 0.29355 0.76672

compRangeBiasAndRxChanPhase 0.0878056 0.13940 0.78900 0.23886 0.97107 0.28610 0.89737 0.42163 0.73038 -0.38672 0.65250 -0.45624 0.84378 -0.36847 0.82016 -0.15970 0.78015 0.01654 0.79102 0.06271 0.98666 0.12558 0.91510 0.29285 0.76956

compRangeBiasAndRxChanPhase 0.0877935 0.14246 0.78690 0.24402 0.96976 0.29254 0.89420 0.42535 0.72531 -0.38181 0.65344 -0.44888 0.84393 -0.36401 0.82065 -0.15396 0.77896 0.01981 0.78833 0.06674 0.98239 0.13174 0.91489 0.29498 0.76523

compRangeBiasAndRxChanPhase 0.0878063 0.14349 0.78720 0.24585 0.96930 0.29144 0.89636 0.42575 0.72601 -0.38174 0.65219 -0.45041 0.84558 -0.36240 0.82077 -0.15439 0.77786 0.02048 0.78937 0.06955 0.98566 0.13486 0.91550 0.29672 0.76697

compRangeBiasAndRxChanPhase 0.0878184 0.14282 0.78696 0.24408 0.96976 0.29349 0.89554 0.42603 0.72742 -0.38278 0.65295 -0.44943 0.84601 -0.36322 0.82132 -0.15479 0.77768 0.01935 0.78943 0.06793 0.98596 0.12985 0.91571 0.29645 0.76672

compRangeBiasAndRxChanPhase 0.0877988 0.14322 0.78738 0.24472 0.96960 0.29224 0.89621 0.42569 0.72723 -0.38278 0.65399 -0.45297 0.84531 -0.36444 0.82144 -0.15497 0.77789 0.01929 0.79004 0.06802 0.98380 0.13138 0.91476 0.29633 0.76932

compRangeBiasAndRxChanPhase 0.0878160 0.14166 0.78854 0.24484 0.96957 0.29254 0.89828 0.42770 0.72699 -0.38495 0.65338 -0.45346 0.84360 -0.36554 0.82065 -0.15546 0.77924 0.01981 0.79166 0.06836 0.98608 0.13272 0.91730 0.29654 0.76797

compRangeBiasAndRxChanPhase 0.0878049 0.14407 0.78586 0.24496 0.96954 0.29443 0.89554 0.42743 0.72549 -0.38239 0.65332 -0.45096 0.84467 -0.36374 0.82260 -0.15369 0.77841 0.01920 0.78909 0.07126 0.98511 0.13104 0.91635 0.29858 0.76624

compRangeBiasAndRxChanPhase 0.0878142 0.14252 0.78574 0.24438 0.96967 0.29080 0.89505 0.42303 0.72620 -0.38354 0.65298 -0.45200 0.84329 -0.36276 0.81921 -0.15594 0.77734 0.01935 0.78915 0.06830 0.98398 0.13226 0.91434 0.29550 0.76547

compRangeBiasAndRxChanPhase 0.0878020 0.13742 0.78714 0.23682 0.97156 0.28604 0.89874 0.42099 0.72977 -0.38690 0.65106 -0.45584 0.84308 -0.36862 0.81857 -0.15802 0.77692 0.01572 0.78787 0.06186 0.98425 0.12534 0.91428 0.29111 0.76828

compRangeBiasAndRxChanPhase 0.0878100 0.13705 0.78827 0.23621 0.97171 0.28741 0.90039 0.42145 0.73047 -0.38730 0.65167 -0.45770 0.84396 -0.37070 0.81891 -0.15945 0.77908 0.01456 0.79010 0.06223 0.98514 0.12610 0.91638 0.29010 0.76807

compRangeBiasAndRxChanPhase 0.0877946 0.14157 0.78796 0.24304 0.97003 0.29092 0.89520 0.42413 0.72766 -0.38397 0.65176 -0.45117 0.84366 -0.36597 0.81891 -0.15509 0.77618 0.01834 0.78897 0.06729 0.98352 0.12979 0.91354 0.29343 0.76624

Measurement 3:
compRangeBiasAndRxChanPhase 0.0878105 0.14423 0.78671 0.24554 0.96939 0.29431 0.89441 0.42719 0.72461 -0.37994 0.65195 -0.44870 0.84229 -0.36264 0.81711 -0.15161 0.77600 0.02173 0.78854 0.07040 0.98404 0.13290 0.91202 0.29724 0.76514

compRangeBiasAndRxChanPhase 0.0878047 0.14526 0.78549 0.24646 0.96915 0.29416 0.89569 0.42798 0.72476 -0.37906 0.65353 -0.44962 0.84433 -0.35977 0.82019 -0.15262 0.77588 0.02170 0.78693 0.06940 0.98398 0.13290 0.91205 0.29587 0.76349

compRangeBiasAndRxChanPhase 0.0878367 0.14362 0.78662 0.24536 0.96942 0.29587 0.89716 0.42609 0.72601 -0.38153 0.65341 -0.44800 0.84402 -0.36212 0.81970 -0.15332 0.77805 0.02087 0.78857 0.07120 0.98541 0.13434 0.91547 0.29727 0.76709

compRangeBiasAndRxChanPhase 0.0877938 0.14984 0.78638 0.25525 0.96686 0.30173 0.89560 0.43210 0.72205 -0.37689 0.65723 -0.44196 0.84790 -0.35532 0.82236 -0.14777 0.77872 0.02582 0.78940 0.07703 0.98389 0.13983 0.91364 0.30103 0.76474

compRangeBiasAndRxChanPhase 0.0878081 0.14807 0.78537 0.25302 0.96747 0.29913 0.89255 0.43137 0.72073 -0.38425 0.65097 -0.45364 0.84256 -0.36777 0.81543 -0.15668 0.77472 0.01654 0.78665 0.06622 0.98221 0.12738 0.91428 0.29230 0.76563

compRangeBiasAndRxChanPhase 0.0878057 0.14651 0.78754 0.25009 0.96823 0.29578 0.89545 0.42944 0.72623 -0.37961 0.65591 -0.44635 0.84686 -0.35944 0.82303 -0.15033 0.78143 0.02258 0.78952 0.07547 0.98428 0.13693 0.91315 0.29938 0.76556

compRangeBiasAndRxChanPhase 0.0878125 0.14273 0.78741 0.24396 0.96979 0.29318 0.89554 0.42563 0.72714 -0.38205 0.65262 -0.44925 0.84412 -0.36353 0.82141 -0.15402 0.77838 0.01971 0.78763 0.06659 0.98160 0.12943 0.91296 0.29550 0.76523

compRangeBiasAndRxChanPhase 0.0877936 0.14600 0.78543 0.25034 0.96817 0.29645 0.89334 0.43176 0.72592 -0.37915 0.65298 -0.44553 0.84543 -0.35834 0.81808 -0.14920 0.77728 0.01266 0.78610 0.06128 0.98318 0.12494 0.91263 0.28900 0.76593

compRangeBiasAndRxChanPhase 0.0878078 0.14746 0.78625 0.25150 0.96786 0.29694 0.89316 0.43161 0.72238 -0.37695 0.65463 -0.44363 0.84662 -0.35916 0.82156 -0.14948 0.77863 0.02466 0.78796 0.07339 0.98218 0.13846 0.91110 0.29816 0.76270

compRangeBiasAndRxChanPhase 0.0878140 0.14374 0.78714 0.24722 0.96896 0.29236 0.89688 0.42584 0.72711 -0.38260 0.65259 -0.45084 0.84451 -0.36340 0.81982 -0.15326 0.77881 0.01935 0.78745 0.06778 0.98410 0.13181 0.91284 0.29514 0.76624

compRangeBiasAndRxChanPhase 0.0877997 0.14651 0.78427 0.24850 0.96863 0.29395 0.89276 0.42780 0.72354 -0.37900 0.65405 -0.44617 0.84561 -0.36078 0.82004 -0.15146 0.77823 0.02307 0.78906 0.07101 0.98581 0.13483 0.91266 0.29828 0.76483

compRangeBiasAndRxChanPhase 0.0878197 0.14713 0.78580 0.25024 0.96817 0.29700 0.89227 0.42880 0.72437 -0.37924 0.65488 -0.44711 0.84726 -0.35965 0.82187 -0.15039 0.77820 0.02267 0.78726 0.07278 0.98303 0.13635 0.91205 0.29968 0.76523

compRangeBiasAndRxChanPhase 0.0878232 0.14212 0.78436 0.24347 0.96991 0.29175 0.89490 0.42358 0.72531 -0.38199 0.65292 -0.45102 0.84161 -0.36328 0.81870 -0.15439 0.77652 0.01688 0.78738 0.06683 0.98483 0.13080 0.91269 0.29300 0.76480

compRangeBiasAndRxChanPhase 0.0878236 0.14157 0.78656 0.24106 0.97052 0.29028 0.89670 0.42480 0.72845 -0.38403 0.65173 -0.45248 0.84344 -0.36475 0.81870 -0.15637 0.77695 0.01984 0.78955 0.06427 0.98505 0.13013 0.91428 0.29538 0.76663

compRangeBiasAndRxChanPhase 0.0878175 0.14526 0.78543 0.24890 0.96854 0.29507 0.89294 0.42917 0.72302 -0.38000 0.65442 -0.44550 0.84265 -0.35950 0.81866 -0.15045 0.77750 0.02258 0.78796 0.07336 0.98181 0.13641 0.91312 0.29782 0.76453

compRangeBiasAndRxChanPhase 0.0878105 0.14682 0.78851 0.24808 0.96875 0.29553 0.89612 0.42908 0.72540 -0.37997 0.65567 -0.44647 0.84781 -0.36124 0.82193 -0.15137 0.77966 0.01413 0.78842 0.06168 0.98541 0.12503 0.91928 0.29044 0.76944

compRangeBiasAndRxChanPhase 0.0877963 0.14099 0.78662 0.24368 0.96985 0.28711 0.89713 0.42297 0.72659 -0.38461 0.65234 -0.45264 0.84344 -0.36694 0.81998 -0.15591 0.77725 0.01794 0.79010 0.06442 0.98453 0.12900 0.91443 0.29330 0.76779

compRangeBiasAndRxChanPhase 0.0877933 0.14444 0.78595 0.24686 0.96906 0.29364 0.89407 0.42798 0.72516 -0.37970 0.65338 -0.44754 0.84360 -0.36185 0.81979 -0.15146 0.77750 0.02167 0.78699 0.07092 0.98251 0.13376 0.91281 0.29657 0.76437

compRangeBiasAndRxChanPhase 0.0878032 0.14444 0.78543 0.24670 0.96909 0.29428 0.89484 0.42755 0.72586 -0.38922 0.65045 -0.46039 0.84146 -0.37170 0.81815 -0.16290 0.77768 0.02139 0.78790 0.07224 0.98413 0.13391 0.91437 0.29858 0.76669

compRangeBiasAndRxChanPhase 0.0877916 0.14139 0.78769 0.24365 0.96988 0.29010 0.89716 0.42444 0.72614 -0.38406 0.65198 -0.45114 0.84363 -0.36511 0.81729 -0.15549 0.77719 0.01901 0.78912 0.06549 0.98590 0.13147 0.91486 0.29526 0.76669

compRangeBiasAndRxChanPhase 0.0878111 0.14514 0.78592 0.25027 0.96817 0.29489 0.89398 0.42892 0.72443 -0.37976 0.65292 -0.44589 0.84470 -0.36087 0.81934 -0.15161 0.77765 0.02216 0.78772 0.07254 0.98230 0.13412 0.91315 0.29892 0.76553

compRangeBiasAndRxChanPhase 0.0878123 0.14120 0.78702 0.24219 0.97021 0.28882 0.89529 0.42310 0.72720 -0.38522 0.65137 -0.45212 0.84232 -0.36404 0.81693 -0.15723 0.77722 0.01672 0.78882 0.06393 0.98288 0.12936 0.91312 0.29181 0.76724

compRangeBiasAndRxChanPhase 0.0877968 0.13998 0.78748 0.24164 0.97037 0.28754 0.89496 0.42258 0.72635 -0.38364 0.64963 -0.45432 0.84164 -0.36545 0.81631 -0.15652 0.77518 0.01495 0.78635 0.06503 0.98160 0.12604 0.91086 0.29099 0.76617

compRangeBiasAndRxChanPhase 0.0877903 0.14105 0.78680 0.24133 0.97046 0.29028 0.89514 0.42496 0.72617 -0.38361 0.65250 -0.45102 0.84412 -0.36444 0.81754 -0.15488 0.77722 0.01794 0.78824 0.06723 0.98306 0.13156 0.91269 0.29391 0.76572

compRangeBiasAndRxChanPhase 0.0878029 0.14481 0.78662 0.24728 0.96893 0.29544 0.89664 0.42685 0.72495 -0.38141 0.65628 -0.44724 0.84610 -0.36139 0.82141 -0.15134 0.77908 0.02243 0.78961 0.07184 0.98456 0.13531 0.91495 0.29837 0.76401

compRangeBiasAndRxChanPhase 0.0878095 0.14468 0.78610 0.24789 0.96878 0.29721 0.89417 0.42776 0.72604 -0.37894 0.65448 -0.44760 0.84470 -0.35953 0.82034 -0.15100 0.77832 0.02240 0.78754 0.07224 0.98105 0.13498 0.91193 0.29828 0.76489

compRangeBiasAndRxChanPhase 0.0878259 0.14374 0.78702 0.24521 0.96945 0.29266 0.89514 0.42691 0.72595 -0.38306 0.65506 -0.44949 0.84576 -0.36209 0.82169 -0.15466 0.77853 0.02023 0.78879 0.07013 0.98666 0.13199 0.91403 0.29672 0.76697

compRangeBiasAndRxChanPhase 0.0878022 0.13855 0.78564 0.23969 0.97086 0.28784 0.89575 0.42310 0.72726 -0.38419 0.64929 -0.45337 0.84174 -0.36697 0.81631 -0.15869 0.77591 0.01535 0.78748 0.06323 0.98312 0.12708 0.91312 0.28964 0.76611

compRangeBiasAndRxChanPhase 0.0878111 0.13873 0.78763 0.23996 0.97076 0.28787 0.89743 0.42361 0.72864 -0.38632 0.65045 -0.45505 0.84253 -0.36548 0.81750 -0.15704 0.77606 0.01526 0.78827 0.06531 0.98264 0.12701 0.91467 0.29355 0.76672

compRangeBiasAndRxChanPhase 0.0878056 0.13940 0.78900 0.23886 0.97107 0.28610 0.89737 0.42163 0.73038 -0.38672 0.65250 -0.45624 0.84378 -0.36847 0.82016 -0.15970 0.78015 0.01654 0.79102 0.06271 0.98666 0.12558 0.91510 0.29285 0.76956

compRangeBiasAndRxChanPhase 0.0877935 0.14246 0.78690 0.24402 0.96976 0.29254 0.89420 0.42535 0.72531 -0.38181 0.65344 -0.44888 0.84393 -0.36401 0.82065 -0.15396 0.77896 0.01981 0.78833 0.06674 0.98239 0.13174 0.91489 0.29498 0.76523

compRangeBiasAndRxChanPhase 0.0878063 0.14349 0.78720 0.24585 0.96930 0.29144 0.89636 0.42575 0.72601 -0.38174 0.65219 -0.45041 0.84558 -0.36240 0.82077 -0.15439 0.77786 0.02048 0.78937 0.06955 0.98566 0.13486 0.91550 0.29672 0.76697

compRangeBiasAndRxChanPhase 0.0878184 0.14282 0.78696 0.24408 0.96976 0.29349 0.89554 0.42603 0.72742 -0.38278 0.65295 -0.44943 0.84601 -0.36322 0.82132 -0.15479 0.77768 0.01935 0.78943 0.06793 0.98596 0.12985 0.91571 0.29645 0.76672

compRangeBiasAndRxChanPhase 0.0877988 0.14322 0.78738 0.24472 0.96960 0.29224 0.89621 0.42569 0.72723 -0.38278 0.65399 -0.45297 0.84531 -0.36444 0.82144 -0.15497 0.77789 0.01929 0.79004 0.06802 0.98380 0.13138 0.91476 0.29633 0.76932

compRangeBiasAndRxChanPhase 0.0878160 0.14166 0.78854 0.24484 0.96957 0.29254 0.89828 0.42770 0.72699 -0.38495 0.65338 -0.45346 0.84360 -0.36554 0.82065 -0.15546 0.77924 0.01981 0.79166 0.06836 0.98608 0.13272 0.91730 0.29654 0.76797

compRangeBiasAndRxChanPhase 0.0878049 0.14407 0.78586 0.24496 0.96954 0.29443 0.89554 0.42743 0.72549 -0.38239 0.65332 -0.45096 0.84467 -0.36374 0.82260 -0.15369 0.77841 0.01920 0.78909 0.07126 0.98511 0.13104 0.91635 0.29858 0.76624

compRangeBiasAndRxChanPhase 0.0878142 0.14252 0.78574 0.24438 0.96967 0.29080 0.89505 0.42303 0.72620 -0.38354 0.65298 -0.45200 0.84329 -0.36276 0.81921 -0.15594 0.77734 0.01935 0.78915 0.06830 0.98398 0.13226 0.91434 0.29550 0.76547

compRangeBiasAndRxChanPhase 0.0878020 0.13742 0.78714 0.23682 0.97156 0.28604 0.89874 0.42099 0.72977 -0.38690 0.65106 -0.45584 0.84308 -0.36862 0.81857 -0.15802 0.77692 0.01572 0.78787 0.06186 0.98425 0.12534 0.91428 0.29111 0.76828

compRangeBiasAndRxChanPhase 0.0878100 0.13705 0.78827 0.23621 0.97171 0.28741 0.90039 0.42145 0.73047 -0.38730 0.65167 -0.45770 0.84396 -0.37070 0.81891 -0.15945 0.77908 0.01456 0.79010 0.06223 0.98514 0.12610 0.91638 0.29010 0.76807

compRangeBiasAndRxChanPhase 0.0877946 0.14157 0.78796 0.24304 0.97003 0.29092 0.89520 0.42413 0.72766 -0.38397 0.65176 -0.45117 0.84366 -0.36597 0.81891 -0.15509 0.77618 0.01834 0.78897 0.06729 0.98352 0.12979 0.91354 0.29343 0.76624