Measurement 1:
compRangeBiasAndRxChanPhase 0.0831601 -0.41425 -0.76001 -0.71436 -0.69980 -0.62244 -0.76166 -0.74017 -0.59259 0.24713 -0.76114 0.01401 -0.94531 0.11591 -0.91617 -0.05301 -0.88681 -0.43964 -0.69269 -0.71088 -0.62170 -0.62604 -0.68311 -0.72363 -0.51859

compRangeBiasAndRxChanPhase 0.0831448 -0.41245 -0.76395 -0.71167 -0.70251 -0.62076 -0.76678 -0.73956 -0.59772 0.25040 -0.76111 0.02042 -0.94876 0.12247 -0.91617 -0.05084 -0.88669 -0.43863 -0.69635 -0.70877 -0.62750 -0.62296 -0.68564 -0.72079 -0.52560

compRangeBiasAndRxChanPhase 0.0831524 -0.41666 -0.75922 -0.71609 -0.69800 -0.62680 -0.75992 -0.74243 -0.59113 0.24615 -0.76422 0.01175 -0.94641 0.11386 -0.91656 -0.05579 -0.88986 -0.44492 -0.69232 -0.71634 -0.62143 -0.62805 -0.68237 -0.72644 -0.51859

compRangeBiasAndRxChanPhase 0.0831527 -0.41528 -0.76434 -0.71121 -0.70297 -0.62292 -0.76398 -0.73911 -0.59775 0.25119 -0.76379 0.01785 -0.94617 0.12057 -0.91620 -0.05023 -0.88913 -0.43805 -0.69855 -0.71014 -0.62823 -0.62573 -0.68668 -0.72208 -0.52576

compRangeBiasAndRxChanPhase 0.0831320 -0.41647 -0.76303 -0.71243 -0.70172 -0.61987 -0.76059 -0.74106 -0.59134 0.24716 -0.76151 0.01688 -0.94601 0.11523 -0.91522 -0.05569 -0.88580 -0.44125 -0.69144 -0.71161 -0.62100 -0.62433 -0.68088 -0.72107 -0.51801

compRangeBiasAndRxChanPhase 0.0831177 -0.41269 -0.76407 -0.70981 -0.70438 -0.62195 -0.76212 -0.74011 -0.59714 0.25250 -0.76135 0.02100 -0.94382 0.11972 -0.91507 -0.04947 -0.88834 -0.43793 -0.69797 -0.71136 -0.62570 -0.62164 -0.68219 -0.72153 -0.52118

compRangeBiasAndRxChanPhase 0.0831270 -0.41727 -0.76132 -0.71527 -0.69885 -0.62781 -0.76349 -0.74118 -0.59393 0.24640 -0.76242 0.01392 -0.94574 0.11597 -0.91760 -0.05496 -0.88992 -0.44040 -0.69385 -0.71375 -0.62335 -0.62817 -0.68399 -0.72498 -0.52173

compRangeBiasAndRxChanPhase 0.0831426 -0.41501 -0.76355 -0.71277 -0.70139 -0.62354 -0.76584 -0.74158 -0.59521 0.24899 -0.76260 0.01871 -0.94827 0.11917 -0.91791 -0.05014 -0.88727 -0.44138 -0.69693 -0.71320 -0.62488 -0.62393 -0.68491 -0.72324 -0.52188

compRangeBiasAndRxChanPhase 0.0831177 -0.41019 -0.76407 -0.70731 -0.70688 -0.61795 -0.76880 -0.74039 -0.59824 0.25275 -0.76083 0.02222 -0.94345 0.12317 -0.91638 -0.04901 -0.88849 -0.43567 -0.69873 -0.70880 -0.62946 -0.62195 -0.68878 -0.71872 -0.52451

compRangeBiasAndRxChanPhase 0.0831494 -0.41635 -0.76294 -0.71405 -0.70007 -0.62918 -0.76315 -0.74158 -0.59290 0.24857 -0.76184 0.01407 -0.94684 0.11722 -0.91519 -0.05521 -0.88876 -0.44257 -0.69418 -0.71564 -0.62543 -0.62527 -0.68329 -0.72464 -0.51901

compRangeBiasAndRxChanPhase 0.0831455 -0.40967 -0.76654 -0.71036 -0.70383 -0.62134 -0.76761 -0.73834 -0.59991 0.25354 -0.76486 0.02203 -0.95145 0.12094 -0.91907 -0.04733 -0.89178 -0.43744 -0.69791 -0.70923 -0.63031 -0.61969 -0.68814 -0.72137 -0.52576

compRangeBiasAndRxChanPhase 0.0831495 -0.41910 -0.75970 -0.71521 -0.69891 -0.62811 -0.75876 -0.74118 -0.58975 0.24551 -0.76401 0.01236 -0.94461 0.11371 -0.91837 -0.05798 -0.88794 -0.44272 -0.69376 -0.71408 -0.62430 -0.62625 -0.68127 -0.72293 -0.51709

compRangeBiasAndRxChanPhase 0.0831335 -0.41339 -0.76163 -0.70883 -0.70538 -0.61569 -0.76526 -0.73804 -0.59756 0.25217 -0.76138 0.02112 -0.94348 0.12259 -0.91483 -0.04941 -0.88705 -0.43512 -0.69656 -0.70715 -0.62790 -0.62109 -0.68799 -0.72144 -0.52289

compRangeBiasAndRxChanPhase 0.0831456 -0.41440 -0.76230 -0.71292 -0.70123 -0.62021 -0.76096 -0.73978 -0.59534 0.24594 -0.76419 0.01883 -0.94675 0.11884 -0.91443 -0.05164 -0.88705 -0.44031 -0.69186 -0.71143 -0.62503 -0.62415 -0.68427 -0.72318 -0.52249

compRangeBiasAndRxChanPhase 0.0831100 -0.40909 -0.76364 -0.70782 -0.70639 -0.61710 -0.76593 -0.73352 -0.59717 0.25247 -0.75891 0.02414 -0.94162 0.12195 -0.91318 -0.04517 -0.88705 -0.43311 -0.69562 -0.70468 -0.62872 -0.61789 -0.69022 -0.71667 -0.52454

compRangeBiasAndRxChanPhase 0.0831462 -0.41342 -0.76041 -0.71280 -0.70135 -0.62167 -0.76373 -0.74115 -0.59360 0.24762 -0.76031 0.01382 -0.94583 0.11771 -0.91541 -0.05466 -0.88626 -0.44177 -0.69504 -0.71317 -0.62433 -0.62738 -0.68280 -0.72296 -0.51883

compRangeBiasAndRxChanPhase 0.0831254 -0.41327 -0.76483 -0.71039 -0.70380 -0.62216 -0.76361 -0.73846 -0.59933 0.25092 -0.75842 0.02222 -0.94141 0.12360 -0.91193 -0.04895 -0.88742 -0.43536 -0.69748 -0.70956 -0.62753 -0.62018 -0.68750 -0.71954 -0.52319

compRangeBiasAndRxChanPhase 0.0831300 -0.41174 -0.76416 -0.70901 -0.70517 -0.61850 -0.76834 -0.73685 -0.60086 0.25488 -0.76300 0.02393 -0.94971 0.12494 -0.91470 -0.04620 -0.88873 -0.43597 -0.69864 -0.70926 -0.62994 -0.62167 -0.68924 -0.71866 -0.52585

compRangeBiasAndRxChanPhase 0.0831212 -0.41080 -0.76456 -0.70969 -0.70453 -0.61908 -0.76727 -0.73438 -0.60028 0.25412 -0.75879 0.02200 -0.94562 0.12326 -0.91403 -0.04636 -0.88718 -0.43655 -0.69897 -0.70859 -0.62799 -0.62238 -0.68738 -0.71661 -0.52490

compRangeBiasAndRxChanPhase 0.0831283 -0.41696 -0.76178 -0.71179 -0.70239 -0.62567 -0.76248 -0.74182 -0.59512 0.24915 -0.76120 0.01718 -0.94366 0.11929 -0.91791 -0.05264 -0.88699 -0.43863 -0.69373 -0.71002 -0.62506 -0.62589 -0.68625 -0.72040 -0.52087

compRangeBiasAndRxChanPhase 0.0831226 -0.40952 -0.76416 -0.70410 -0.71011 -0.61581 -0.76666 -0.73517 -0.60031 0.25381 -0.76022 0.02509 -0.94650 0.12241 -0.91339 -0.04492 -0.88666 -0.43512 -0.69815 -0.70706 -0.63040 -0.61835 -0.68869 -0.71799 -0.52478

compRangeBiasAndRxChanPhase 0.0831209 -0.41156 -0.76617 -0.70901 -0.70517 -0.61853 -0.76834 -0.73596 -0.59857 0.25244 -0.76404 0.02295 -0.94797 0.12350 -0.91748 -0.04776 -0.88974 -0.43533 -0.70035 -0.70963 -0.62991 -0.62091 -0.68744 -0.72153 -0.52515

compRangeBiasAndRxChanPhase 0.0831217 -0.40759 -0.76480 -0.70761 -0.70660 -0.61740 -0.77032 -0.73648 -0.60147 0.25400 -0.76193 0.02582 -0.94833 0.12607 -0.91766 -0.04584 -0.88791 -0.43317 -0.69958 -0.70728 -0.63190 -0.61911 -0.69144 -0.71573 -0.52884

compRangeBiasAndRxChanPhase 0.0831339 -0.40936 -0.76535 -0.70767 -0.70654 -0.61984 -0.77097 -0.73581 -0.60095 0.25381 -0.76147 0.02371 -0.94437 0.12408 -0.91721 -0.04791 -0.88928 -0.43536 -0.69785 -0.70847 -0.62933 -0.62256 -0.68839 -0.71985 -0.52692

compRangeBiasAndRxChanPhase 0.0831547 -0.40866 -0.76181 -0.70862 -0.70560 -0.61859 -0.76746 -0.73395 -0.59772 0.25272 -0.75949 0.02313 -0.94464 0.12445 -0.91785 -0.04779 -0.88635 -0.43536 -0.69699 -0.71082 -0.62769 -0.62076 -0.68726 -0.71976 -0.52332

compRangeBiasAndRxChanPhase 0.0831495 -0.41116 -0.76434 -0.70654 -0.70767 -0.61853 -0.77020 -0.73608 -0.60309 0.25595 -0.76236 0.02661 -0.94638 0.12753 -0.91626 -0.04544 -0.89200 -0.43307 -0.69827 -0.70734 -0.63171 -0.61868 -0.69070 -0.71906 -0.52719

compRangeBiasAndRxChanPhase 0.0831228 -0.41315 -0.76123 -0.71109 -0.70309 -0.61890 -0.76270 -0.73898 -0.59375 0.24942 -0.75955 0.02072 -0.94193 0.11841 -0.91388 -0.05090 -0.88449 -0.43689 -0.69470 -0.70859 -0.62476 -0.62305 -0.68274 -0.71933 -0.52103

compRangeBiasAndRxChanPhase 0.0831196 -0.41379 -0.76248 -0.71146 -0.70273 -0.62149 -0.76688 -0.73669 -0.59464 0.24881 -0.76129 0.02057 -0.94547 0.12079 -0.91513 -0.05066 -0.88913 -0.43863 -0.69586 -0.70673 -0.62598 -0.62210 -0.68704 -0.72113 -0.52173

compRangeBiasAndRxChanPhase 0.0831323 -0.41171 -0.76202 -0.70990 -0.70432 -0.62183 -0.76288 -0.73657 -0.59518 0.24997 -0.76276 0.01913 -0.94443 0.12027 -0.91455 -0.05020 -0.88757 -0.43692 -0.69485 -0.70920 -0.62610 -0.62201 -0.68726 -0.71823 -0.52155

compRangeBiasAndRxChanPhase 0.0831307 -0.41351 -0.76529 -0.71158 -0.70261 -0.62241 -0.76477 -0.73972 -0.59631 0.25259 -0.76480 0.02133 -0.94659 0.12009 -0.91595 -0.05157 -0.89029 -0.43802 -0.69653 -0.71390 -0.62875 -0.62384 -0.68762 -0.72360 -0.52527

compRangeBiasAndRxChanPhase 0.0831243 -0.40894 -0.76740 -0.70505 -0.70917 -0.62012 -0.77130 -0.73300 -0.60345 0.25693 -0.76233 0.02383 -0.94812 0.12723 -0.91983 -0.04330 -0.89337 -0.43506 -0.70322 -0.71024 -0.63290 -0.61926 -0.69000 -0.71951 -0.52988

compRangeBiasAndRxChanPhase 0.0831243 -0.40768 -0.76550 -0.70731 -0.70688 -0.61624 -0.76941 -0.73691 -0.60394 0.25595 -0.76050 0.02435 -0.94662 0.12891 -0.91571 -0.04550 -0.88779 -0.43259 -0.69922 -0.70303 -0.63077 -0.61774 -0.68991 -0.71844 -0.53094

compRangeBiasAndRxChanPhase 0.0831522 -0.40762 -0.76587 -0.70645 -0.70776 -0.61771 -0.76920 -0.73346 -0.60120 0.25586 -0.75909 0.02509 -0.94357 0.12656 -0.91629 -0.04602 -0.88712 -0.43338 -0.69974 -0.70706 -0.63339 -0.61868 -0.69028 -0.71573 -0.52759

compRangeBiasAndRxChanPhase 0.0831202 -0.40710 -0.76645 -0.70645 -0.70776 -0.61453 -0.76932 -0.73285 -0.60114 0.25443 -0.76144 0.02432 -0.94510 0.12531 -0.91504 -0.04657 -0.88849 -0.43359 -0.69928 -0.70596 -0.62823 -0.61902 -0.68918 -0.71710 -0.52686

compRangeBiasAndRxChanPhase 0.0831485 -0.40485 -0.76614 -0.70575 -0.70847 -0.61652 -0.76959 -0.73563 -0.60159 0.25650 -0.76038 0.02747 -0.94730 0.12634 -0.91486 -0.04413 -0.88879 -0.43442 -0.69916 -0.70728 -0.63068 -0.61859 -0.69012 -0.71719 -0.52924

compRangeBiasAndRxChanPhase 0.0831529 -0.41248 -0.76276 -0.71109 -0.70309 -0.61920 -0.76587 -0.73566 -0.59772 0.25323 -0.76181 0.02237 -0.94193 0.12411 -0.91479 -0.04797 -0.88770 -0.43640 -0.69513 -0.70749 -0.63071 -0.62054 -0.68704 -0.71875 -0.52426

compRangeBiasAndRxChanPhase 0.0830931 -0.40475 -0.76669 -0.70560 -0.70862 -0.61377 -0.76956 -0.72858 -0.60065 0.25793 -0.75983 0.02893 -0.94534 0.12955 -0.91434 -0.04190 -0.88828 -0.43234 -0.69986 -0.70401 -0.63153 -0.61508 -0.68799 -0.71506 -0.52942

compRangeBiasAndRxChanPhase 0.0831170 -0.40756 -0.76657 -0.70718 -0.70703 -0.61511 -0.76758 -0.73355 -0.60339 0.25739 -0.76154 0.02551 -0.94388 0.12918 -0.91547 -0.04599 -0.88837 -0.43048 -0.69943 -0.70367 -0.63303 -0.61804 -0.69266 -0.71591 -0.52875

compRangeBiasAndRxChanPhase 0.0831325 -0.40543 -0.76758 -0.70505 -0.70917 -0.61566 -0.77084 -0.73395 -0.60538 0.25876 -0.76154 0.02835 -0.95026 0.12964 -0.91959 -0.04361 -0.89001 -0.43256 -0.70160 -0.70929 -0.63358 -0.62000 -0.69241 -0.71945 -0.52942

Measurement 2:
compRangeBiasAndRxChanPhase 0.0830623 -0.37228 -0.78296 -0.67279 -0.73984 -0.58130 -0.79654 -0.70462 -0.63516 0.29095 -0.74728 0.06909 -0.94632 0.17010 -0.90930 -0.00092 -0.88803 -0.39819 -0.72171 -0.67734 -0.66635 -0.58365 -0.72186 -0.69238 -0.56125

compRangeBiasAndRxChanPhase 0.0830667 -0.37164 -0.78088 -0.67221 -0.74036 -0.57632 -0.79642 -0.70358 -0.63397 0.29086 -0.74661 0.07123 -0.94299 0.16937 -0.90836 -0.00424 -0.88834 -0.40118 -0.71793 -0.67435 -0.66550 -0.58334 -0.71823 -0.68958 -0.56076

compRangeBiasAndRxChanPhase 0.0830714 -0.37820 -0.78174 -0.67743 -0.73560 -0.58224 -0.79395 -0.70648 -0.63272 0.28653 -0.74597 0.06702 -0.94269 0.16614 -0.90799 -0.00665 -0.88806 -0.40100 -0.71542 -0.67645 -0.65970 -0.58646 -0.71393 -0.69199 -0.55618

compRangeBiasAndRxChanPhase 0.0830793 -0.37775 -0.78036 -0.68073 -0.73254 -0.58282 -0.79245 -0.70734 -0.62808 0.28677 -0.74640 0.06519 -0.93875 0.16479 -0.90784 -0.00903 -0.88739 -0.40381 -0.71494 -0.67960 -0.66159 -0.58609 -0.71506 -0.69598 -0.55734

compRangeBiasAndRxChanPhase 0.0830849 -0.37326 -0.78308 -0.67316 -0.73950 -0.58264 -0.79929 -0.70578 -0.63525 0.29166 -0.74802 0.07297 -0.94385 0.17038 -0.90726 -0.00034 -0.88943 -0.40060 -0.72031 -0.67566 -0.66550 -0.58725 -0.71909 -0.69250 -0.56091

compRangeBiasAndRxChanPhase 0.0830718 -0.37744 -0.78198 -0.67877 -0.73434 -0.58456 -0.79254 -0.70667 -0.63181 0.28818 -0.74951 0.06488 -0.94629 0.16513 -0.90948 -0.00723 -0.89001 -0.40363 -0.71698 -0.67987 -0.65918 -0.58896 -0.71542 -0.69342 -0.55676

compRangeBiasAndRxChanPhase 0.0830574 -0.37152 -0.78171 -0.67380 -0.73892 -0.57932 -0.79224 -0.70422 -0.63425 0.29074 -0.74731 0.06958 -0.94339 0.16873 -0.91104 -0.00070 -0.88907 -0.40076 -0.71869 -0.67654 -0.66391 -0.58270 -0.71902 -0.69177 -0.56192

compRangeBiasAndRxChanPhase 0.0830612 -0.37723 -0.78113 -0.67953 -0.73364 -0.58505 -0.79031 -0.70990 -0.62943 0.28757 -0.74924 0.06543 -0.94458 0.16321 -0.90710 -0.00668 -0.89114 -0.40347 -0.71585 -0.67844 -0.65945 -0.58829 -0.71475 -0.69406 -0.55496

compRangeBiasAndRxChanPhase 0.0830712 -0.37329 -0.78265 -0.67200 -0.74057 -0.57828 -0.79782 -0.70712 -0.63629 0.29160 -0.74817 0.06976 -0.94498 0.17099 -0.91061 -0.00012 -0.88904 -0.39810 -0.71765 -0.67316 -0.66678 -0.58414 -0.71960 -0.69147 -0.56250

compRangeBiasAndRxChanPhase 0.0830484 -0.37024 -0.78088 -0.67371 -0.73901 -0.58005 -0.79440 -0.70096 -0.63248 0.28989 -0.74350 0.07098 -0.94080 0.17075 -0.90570 -0.00125 -0.88513 -0.39703 -0.71643 -0.67371 -0.66330 -0.58261 -0.71649 -0.69006 -0.56027

compRangeBiasAndRxChanPhase 0.0830635 -0.38004 -0.77670 -0.68182 -0.73151 -0.58630 -0.78973 -0.71024 -0.62683 0.28253 -0.75024 0.06049 -0.94458 0.16116 -0.90942 -0.01056 -0.88895 -0.40512 -0.71484 -0.68314 -0.65680 -0.59177 -0.71390 -0.69717 -0.55365

compRangeBiasAndRxChanPhase 0.0830563 -0.39053 -0.77267 -0.69122 -0.72266 -0.59357 -0.78000 -0.71768 -0.61746 0.27463 -0.75073 0.04926 -0.94229 0.15073 -0.90961 -0.02261 -0.88968 -0.41461 -0.70831 -0.68994 -0.64941 -0.60077 -0.70297 -0.70325 -0.54303

compRangeBiasAndRxChanPhase 0.0830617 -0.39450 -0.77451 -0.69168 -0.72220 -0.60205 -0.78281 -0.72079 -0.61664 0.27271 -0.75275 0.04584 -0.94449 0.14914 -0.91257 -0.02298 -0.88889 -0.41626 -0.70862 -0.68793 -0.65018 -0.60339 -0.70465 -0.70551 -0.54410

compRangeBiasAndRxChanPhase 0.0830591 -0.38708 -0.77277 -0.68704 -0.72662 -0.59476 -0.78268 -0.71906 -0.61823 0.27512 -0.74945 0.05173 -0.94150 0.15143 -0.90753 -0.02008 -0.88550 -0.41098 -0.70682 -0.68845 -0.64874 -0.59766 -0.70547 -0.70010 -0.54764

compRangeBiasAndRxChanPhase 0.0830682 -0.37250 -0.78244 -0.67334 -0.73932 -0.57895 -0.80038 -0.70654 -0.63736 0.29202 -0.74835 0.07028 -0.94476 0.17188 -0.90866 0.00092 -0.88855 -0.40021 -0.72076 -0.67715 -0.66705 -0.58578 -0.71979 -0.69101 -0.56274

compRangeBiasAndRxChanPhase 0.0830728 -0.37689 -0.78214 -0.67639 -0.73654 -0.58505 -0.79242 -0.70984 -0.63309 0.28915 -0.74844 0.06500 -0.94281 0.16617 -0.90839 -0.00790 -0.88782 -0.40247 -0.71698 -0.67810 -0.66089 -0.58884 -0.71466 -0.69415 -0.55832

compRangeBiasAndRxChanPhase 0.0830805 -0.39166 -0.77402 -0.68979 -0.72400 -0.59976 -0.78296 -0.71948 -0.62100 0.27402 -0.75470 0.05045 -0.94925 0.14969 -0.91461 -0.02295 -0.88943 -0.41605 -0.71179 -0.69128 -0.65302 -0.60220 -0.70309 -0.70377 -0.54428

compRangeBiasAndRxChanPhase 0.0831076 -0.38766 -0.77228 -0.68967 -0.72412 -0.59473 -0.78226 -0.71646 -0.61938 0.27414 -0.75531 0.04941 -0.94287 0.15198 -0.91055 -0.02051 -0.88736 -0.41409 -0.70975 -0.68658 -0.64832 -0.59790 -0.70691 -0.70026 -0.54486

compRangeBiasAndRxChanPhase 0.0830590 -0.38089 -0.77960 -0.68097 -0.73230 -0.59018 -0.79169 -0.71277 -0.62808 0.28394 -0.75177 0.06064 -0.94324 0.16013 -0.91165 -0.00946 -0.89120 -0.40637 -0.71594 -0.68210 -0.65915 -0.59262 -0.71573 -0.69922 -0.55731

compRangeBiasAndRxChanPhase 0.0830884 -0.38333 -0.78162 -0.68167 -0.73166 -0.58725 -0.78848 -0.71552 -0.62741 0.28333 -0.75119 0.06064 -0.94650 0.16168 -0.91055 -0.01089 -0.88913 -0.40833 -0.71710 -0.68555 -0.65854 -0.59348 -0.71579 -0.69876 -0.55511

compRangeBiasAndRxChanPhase 0.0830967 -0.37933 -0.78055 -0.67862 -0.73447 -0.58752 -0.79446 -0.70831 -0.63019 0.28665 -0.74945 0.06357 -0.94455 0.16553 -0.90887 -0.00989 -0.89063 -0.40271 -0.71768 -0.67960 -0.66220 -0.58896 -0.71426 -0.69464 -0.55746

compRangeBiasAndRxChanPhase 0.0830849 -0.37799 -0.77997 -0.67712 -0.73587 -0.58484 -0.79135 -0.70837 -0.62814 0.28540 -0.74969 0.06354 -0.94720 0.16226 -0.91104 -0.00900 -0.89145 -0.40292 -0.71545 -0.68039 -0.66107 -0.58835 -0.71497 -0.69604 -0.55768

compRangeBiasAndRxChanPhase 0.0830583 -0.37689 -0.77811 -0.67786 -0.73517 -0.58444 -0.79422 -0.70798 -0.62869 0.28445 -0.74765 0.06360 -0.94235 0.16498 -0.90720 -0.00986 -0.88727 -0.40472 -0.71530 -0.67911 -0.65814 -0.58664 -0.71194 -0.69388 -0.55627

compRangeBiasAndRxChanPhase 0.0830543 -0.37378 -0.78207 -0.67136 -0.74115 -0.58051 -0.79614 -0.70691 -0.63318 0.29160 -0.74811 0.07037 -0.94327 0.16940 -0.90863 -0.00024 -0.88815 -0.39764 -0.71884 -0.67249 -0.66391 -0.58493 -0.71893 -0.68958 -0.55917

compRangeBiasAndRxChanPhase 0.0830771 -0.37305 -0.78278 -0.67581 -0.73709 -0.58224 -0.79596 -0.70505 -0.63367 0.29077 -0.74655 0.06860 -0.94418 0.16904 -0.90851 -0.00415 -0.89001 -0.40018 -0.71960 -0.67517 -0.66321 -0.58603 -0.72009 -0.69284 -0.55984

compRangeBiasAndRxChanPhase 0.0830564 -0.37515 -0.78415 -0.67340 -0.73926 -0.57797 -0.79651 -0.70758 -0.63480 0.29010 -0.74677 0.06888 -0.94476 0.16809 -0.90726 -0.00125 -0.88742 -0.40118 -0.71851 -0.67661 -0.66330 -0.58487 -0.71902 -0.69086 -0.56146

compRangeBiasAndRxChanPhase 0.0830681 -0.37772 -0.77957 -0.67685 -0.73611 -0.58490 -0.79099 -0.70544 -0.62851 0.28403 -0.74814 0.06573 -0.94156 0.16281 -0.90778 -0.01041 -0.88690 -0.40298 -0.71500 -0.68112 -0.65738 -0.59021 -0.71323 -0.69415 -0.55811

compRangeBiasAndRxChanPhase 0.0830766 -0.37711 -0.78302 -0.67593 -0.73697 -0.58575 -0.79706 -0.70728 -0.63312 0.28812 -0.75024 0.06772 -0.94727 0.16632 -0.91071 -0.00565 -0.89154 -0.40283 -0.71786 -0.68204 -0.66595 -0.58926 -0.72076 -0.69708 -0.56165

compRangeBiasAndRxChanPhase 0.0830707 -0.37729 -0.78101 -0.67465 -0.73813 -0.58350 -0.79370 -0.70660 -0.63345 0.28778 -0.74915 0.06735 -0.94559 0.16473 -0.91071 -0.00653 -0.88815 -0.40375 -0.71707 -0.67941 -0.66125 -0.58652 -0.71878 -0.69437 -0.55722

compRangeBiasAndRxChanPhase 0.0830766 -0.37238 -0.78482 -0.67401 -0.73871 -0.57712 -0.79825 -0.70486 -0.63693 0.29114 -0.74741 0.07111 -0.94565 0.17242 -0.90787 -0.00275 -0.88962 -0.39822 -0.71906 -0.67700 -0.66379 -0.58463 -0.72021 -0.69107 -0.56143

compRangeBiasAndRxChanPhase 0.0830701 -0.37518 -0.77826 -0.67664 -0.73630 -0.58145 -0.79236 -0.70566 -0.62808 0.28372 -0.74649 0.06415 -0.94034 0.16513 -0.90558 -0.00751 -0.88309 -0.40155 -0.71359 -0.67679 -0.65845 -0.58566 -0.71277 -0.69455 -0.55609

compRangeBiasAndRxChanPhase 0.0830645 -0.37546 -0.78159 -0.67624 -0.73669 -0.58337 -0.79489 -0.70941 -0.63510 0.28604 -0.74744 0.06760 -0.94162 0.16611 -0.90781 -0.00549 -0.88690 -0.40219 -0.71790 -0.67749 -0.66287 -0.58875 -0.71503 -0.69394 -0.55951

compRangeBiasAndRxChanPhase 0.0830687 -0.37567 -0.78207 -0.67719 -0.73581 -0.58279 -0.79233 -0.70529 -0.63034 0.28781 -0.74878 0.06720 -0.94385 0.16595 -0.91074 -0.00781 -0.88998 -0.40436 -0.71768 -0.67996 -0.66321 -0.59128 -0.71561 -0.69620 -0.55869

compRangeBiasAndRxChanPhase 0.0830647 -0.37228 -0.78302 -0.67200 -0.74054 -0.57733 -0.79749 -0.70477 -0.63568 0.29102 -0.74835 0.07016 -0.94595 0.16971 -0.91055 -0.00323 -0.89038 -0.39981 -0.71744 -0.67432 -0.66559 -0.58472 -0.71793 -0.69098 -0.55923

compRangeBiasAndRxChanPhase 0.0830849 -0.36914 -0.78122 -0.67307 -0.73959 -0.57724 -0.79657 -0.70099 -0.63568 0.29315 -0.74515 0.07410 -0.93887 0.17038 -0.90479 -0.00183 -0.88690 -0.39673 -0.71735 -0.67270 -0.66409 -0.58340 -0.72067 -0.68558 -0.56134

compRangeBiasAndRxChanPhase 0.0830699 -0.37036 -0.78189 -0.67316 -0.73950 -0.57724 -0.79376 -0.70432 -0.63440 0.29272 -0.74490 0.07251 -0.94394 0.16937 -0.90714 -0.00034 -0.88806 -0.39832 -0.71844 -0.67496 -0.66299 -0.58258 -0.71902 -0.68674 -0.56100

compRangeBiasAndRxChanPhase 0.0830760 -0.37668 -0.77859 -0.67700 -0.73596 -0.58206 -0.79202 -0.70627 -0.62997 0.28723 -0.74625 0.06525 -0.94083 0.16736 -0.90790 -0.00687 -0.88696 -0.40067 -0.71725 -0.67844 -0.65939 -0.58755 -0.71512 -0.69217 -0.55713

compRangeBiasAndRxChanPhase 0.0830756 -0.37323 -0.78174 -0.67340 -0.73929 -0.57840 -0.79684 -0.70541 -0.63934 0.29099 -0.74664 0.06909 -0.94232 0.17017 -0.90823 -0.00323 -0.88940 -0.40100 -0.71890 -0.67590 -0.66107 -0.58514 -0.71921 -0.69147 -0.56268

Measurement 3:
compRangeBiasAndRxChanPhase 0.0830664 -0.35956 -0.79083 -0.66119 -0.75021 -0.56570 -0.81009 -0.69394 -0.64871 0.30414 -0.74493 0.08658 -0.94424 0.18665 -0.90668 0.01215 -0.89072 -0.38651 -0.72723 -0.66571 -0.67862 -0.57315 -0.73074 -0.68314 -0.57648

compRangeBiasAndRxChanPhase 0.0830670 -0.35892 -0.78915 -0.66306 -0.74857 -0.56586 -0.80698 -0.69571 -0.64566 0.30334 -0.74313 0.08585 -0.94232 0.18768 -0.90317 0.01434 -0.88602 -0.38629 -0.72510 -0.66342 -0.67639 -0.57227 -0.73016 -0.67926 -0.57056

compRangeBiasAndRxChanPhase 0.0830712 -0.35736 -0.78906 -0.65900 -0.75214 -0.56485 -0.80704 -0.69324 -0.64951 0.30554 -0.74158 0.08984 -0.94647 0.19104 -0.90588 0.01886 -0.89029 -0.38232 -0.72809 -0.66199 -0.67892 -0.56802 -0.72983 -0.68286 -0.57755

compRangeBiasAndRxChanPhase 0.0830413 -0.35941 -0.79272 -0.65723 -0.75369 -0.56451 -0.81012 -0.69461 -0.65054 0.30710 -0.74191 0.09036 -0.94370 0.18802 -0.90735 0.01553 -0.89157 -0.38556 -0.73129 -0.66446 -0.68204 -0.57101 -0.73477 -0.68048 -0.58179

compRangeBiasAndRxChanPhase 0.0830480 -0.35831 -0.79279 -0.65790 -0.75311 -0.56378 -0.80896 -0.69019 -0.65118 0.30713 -0.74207 0.09393 -0.94244 0.19196 -0.90561 0.01752 -0.88889 -0.38458 -0.72849 -0.66507 -0.68365 -0.57217 -0.73486 -0.68311 -0.57819

compRangeBiasAndRxChanPhase 0.0830261 -0.36105 -0.79065 -0.66122 -0.75018 -0.56839 -0.80685 -0.69427 -0.64642 0.30280 -0.74261 0.08615 -0.94208 0.18576 -0.90408 0.01233 -0.88757 -0.38696 -0.72580 -0.66135 -0.67465 -0.57291 -0.72998 -0.68198 -0.57474

compRangeBiasAndRxChanPhase 0.0830524 -0.35480 -0.79297 -0.65671 -0.75415 -0.56009 -0.80801 -0.69263 -0.65112 0.30331 -0.73959 0.09052 -0.94180 0.18951 -0.90125 0.01993 -0.88721 -0.38260 -0.72693 -0.66043 -0.67896 -0.56607 -0.73175 -0.67651 -0.57571

compRangeBiasAndRxChanPhase 0.0830223 -0.35745 -0.78833 -0.65845 -0.75262 -0.56180 -0.80893 -0.69263 -0.64813 0.30804 -0.74030 0.09079 -0.94141 0.19077 -0.90060 0.01804 -0.88910 -0.38303 -0.72693 -0.65948 -0.67780 -0.56674 -0.73090 -0.67688 -0.57632

compRangeBiasAndRxChanPhase 0.0830334 -0.35651 -0.78949 -0.65768 -0.75330 -0.56378 -0.80844 -0.69125 -0.64673 0.30493 -0.74216 0.09250 -0.94489 0.19083 -0.90158 0.01773 -0.88412 -0.38461 -0.72836 -0.65808 -0.67807 -0.56757 -0.72971 -0.67960 -0.57620

compRangeBiasAndRxChanPhase 0.0830012 -0.35358 -0.79129 -0.65515 -0.75549 -0.55960 -0.80762 -0.69043 -0.65060 0.30869 -0.73981 0.09100 -0.94113 0.19247 -0.90576 0.01785 -0.88818 -0.38382 -0.72778 -0.65948 -0.67990 -0.57047 -0.73178 -0.67773 -0.57648

compRangeBiasAndRxChanPhase 0.0830181 -0.35370 -0.79135 -0.65546 -0.75525 -0.56210 -0.81119 -0.69141 -0.65051 0.30777 -0.74377 0.08914 -0.94376 0.19098 -0.90601 0.01596 -0.89041 -0.38333 -0.72977 -0.66290 -0.68274 -0.56818 -0.73340 -0.67899 -0.57645

compRangeBiasAndRxChanPhase 0.0830218 -0.35532 -0.78894 -0.65701 -0.75388 -0.56223 -0.81000 -0.69012 -0.65128 0.30688 -0.73886 0.09283 -0.93951 0.18823 -0.90399 0.01987 -0.88843 -0.38266 -0.72726 -0.65884 -0.67914 -0.56613 -0.73343 -0.67807 -0.57394

compRangeBiasAndRxChanPhase 0.0830093 -0.35431 -0.79263 -0.65732 -0.75360 -0.56256 -0.81137 -0.68814 -0.65256 0.30914 -0.73932 0.09305 -0.93915 0.19412 -0.90463 0.01889 -0.88766 -0.38251 -0.72623 -0.65710 -0.68311 -0.56439 -0.73206 -0.67590 -0.57813

compRangeBiasAndRxChanPhase 0.0830563 -0.35620 -0.79382 -0.65686 -0.75403 -0.56180 -0.81009 -0.69067 -0.65283 0.30725 -0.74429 0.09250 -0.94513 0.19327 -0.90527 0.01764 -0.89139 -0.38547 -0.73120 -0.66074 -0.68192 -0.56738 -0.73456 -0.67917 -0.57809

compRangeBiasAndRxChanPhase 0.0830573 -0.36029 -0.78769 -0.66064 -0.75070 -0.56729 -0.80743 -0.69336 -0.64664 0.30209 -0.74133 0.08640 -0.94003 0.18546 -0.90240 0.01154 -0.88721 -0.38791 -0.72485 -0.66229 -0.67606 -0.57147 -0.72873 -0.67865 -0.57056

compRangeBiasAndRxChanPhase 0.0830500 -0.35928 -0.78815 -0.66232 -0.74921 -0.56580 -0.80597 -0.69495 -0.64542 0.30380 -0.74252 0.08640 -0.94135 0.18768 -0.90445 0.01416 -0.89120 -0.38504 -0.72684 -0.66476 -0.67780 -0.57327 -0.72873 -0.68039 -0.57333

compRangeBiasAndRxChanPhase 0.0830576 -0.35742 -0.79269 -0.65564 -0.75507 -0.56143 -0.81049 -0.69232 -0.65219 0.30853 -0.74048 0.09274 -0.94196 0.18991 -0.90506 0.02029 -0.89133 -0.38428 -0.72986 -0.65985 -0.67978 -0.56973 -0.73428 -0.67932 -0.57764

compRangeBiasAndRxChanPhase 0.0830494 -0.35574 -0.79254 -0.65707 -0.75381 -0.55966 -0.81082 -0.69028 -0.65314 0.30838 -0.74023 0.09436 -0.94025 0.19138 -0.90109 0.02042 -0.88788 -0.38196 -0.72784 -0.65939 -0.68027 -0.56625 -0.73352 -0.67615 -0.57825

compRangeBiasAndRxChanPhase 0.0830381 -0.35471 -0.79196 -0.65323 -0.75717 -0.56155 -0.81122 -0.68884 -0.65167 0.30875 -0.74051 0.09497 -0.94324 0.19260 -0.90442 0.02173 -0.88950 -0.38150 -0.72845 -0.65829 -0.68231 -0.56522 -0.73642 -0.67621 -0.57822

compRangeBiasAndRxChanPhase 0.0830453 -0.35434 -0.79138 -0.65607 -0.75470 -0.56104 -0.80887 -0.68863 -0.65204 0.30710 -0.74078 0.09274 -0.94022 0.18900 -0.90259 0.01837 -0.88574 -0.38159 -0.72986 -0.65771 -0.67905 -0.56497 -0.73306 -0.67700 -0.58002

compRangeBiasAndRxChanPhase 0.0830445 -0.35922 -0.78839 -0.66031 -0.75101 -0.56277 -0.80878 -0.69244 -0.64896 0.30441 -0.74033 0.08795 -0.94092 0.18771 -0.90375 0.01474 -0.88672 -0.38428 -0.72845 -0.66318 -0.67657 -0.57077 -0.73029 -0.67767 -0.57593

compRangeBiasAndRxChanPhase 0.0830512 -0.35797 -0.78796 -0.65976 -0.75146 -0.56366 -0.80795 -0.69003 -0.64615 0.30576 -0.73911 0.08859 -0.94238 0.18555 -0.90302 0.01428 -0.88629 -0.38293 -0.72546 -0.66208 -0.67825 -0.56870 -0.72971 -0.67569 -0.57529

compRangeBiasAndRxChanPhase 0.0830689 -0.35876 -0.78802 -0.66000 -0.75125 -0.56433 -0.80475 -0.69223 -0.64731 0.30331 -0.74258 0.08817 -0.94098 0.18814 -0.90720 0.01462 -0.89029 -0.38605 -0.72614 -0.66122 -0.67761 -0.56912 -0.72946 -0.68103 -0.57559

compRangeBiasAndRxChanPhase 0.0830877 -0.35385 -0.79138 -0.65640 -0.75443 -0.55850 -0.81030 -0.68851 -0.65231 0.30890 -0.73962 0.09442 -0.94000 0.19104 -0.90167 0.02075 -0.88766 -0.38016 -0.72702 -0.65567 -0.68079 -0.56595 -0.73224 -0.67633 -0.57458

compRangeBiasAndRxChanPhase 0.0830324 -0.35663 -0.79343 -0.65442 -0.75613 -0.56259 -0.81262 -0.69232 -0.65601 0.30829 -0.74249 0.09326 -0.94424 0.19217 -0.90778 0.01871 -0.89035 -0.38297 -0.72955 -0.66125 -0.68079 -0.57019 -0.73511 -0.67966 -0.57806

compRangeBiasAndRxChanPhase 0.0830479 -0.36105 -0.78958 -0.66302 -0.74860 -0.56564 -0.80685 -0.69427 -0.64783 0.30322 -0.74039 0.08832 -0.94080 0.18835 -0.90491 0.01596 -0.88605 -0.38757 -0.72726 -0.66275 -0.67557 -0.57285 -0.73007 -0.68115 -0.57343

compRangeBiasAndRxChanPhase 0.0830509 -0.35437 -0.79129 -0.65457 -0.75601 -0.55835 -0.81219 -0.68591 -0.65247 0.30893 -0.73914 0.09412 -0.94086 0.19196 -0.90469 0.01984 -0.88757 -0.38104 -0.72833 -0.65610 -0.68057 -0.56555 -0.73468 -0.67828 -0.57623

compRangeBiasAndRxChanPhase 0.0830329 -0.35684 -0.79044 -0.65613 -0.75464 -0.55881 -0.81073 -0.68771 -0.65121 0.30899 -0.73871 0.09412 -0.94025 0.19302 -0.90070 0.01889 -0.88708 -0.38174 -0.72791 -0.66037 -0.67969 -0.56702 -0.73419 -0.67792 -0.57892

compRangeBiasAndRxChanPhase 0.0830465 -0.35199 -0.79010 -0.65546 -0.75522 -0.55887 -0.81210 -0.68765 -0.65161 0.31082 -0.73935 0.09644 -0.93829 0.19247 -0.90134 0.02124 -0.88776 -0.38126 -0.72861 -0.65601 -0.68378 -0.56625 -0.73300 -0.67685 -0.57870

compRangeBiasAndRxChanPhase 0.0830142 -0.35287 -0.79285 -0.65387 -0.75662 -0.55887 -0.81479 -0.68854 -0.65271 0.30719 -0.73975 0.09579 -0.94000 0.19199 -0.90210 0.02023 -0.88608 -0.38101 -0.73035 -0.65826 -0.68167 -0.56430 -0.73639 -0.67468 -0.57950

compRangeBiasAndRxChanPhase 0.0830522 -0.35873 -0.78693 -0.66055 -0.75079 -0.56613 -0.80774 -0.69046 -0.64545 0.30310 -0.73993 0.08969 -0.93912 0.18408 -0.90350 0.01492 -0.88510 -0.38474 -0.72473 -0.66208 -0.67545 -0.56833 -0.72595 -0.67902 -0.56970

compRangeBiasAndRxChanPhase 0.0830389 -0.35861 -0.78748 -0.66058 -0.75073 -0.56638 -0.80496 -0.69101 -0.64560 0.30359 -0.74155 0.08578 -0.94205 0.18564 -0.90509 0.01532 -0.88705 -0.38455 -0.72354 -0.66214 -0.67523 -0.57162 -0.72879 -0.68060 -0.57330

compRangeBiasAndRxChanPhase 0.0830256 -0.35187 -0.79117 -0.65402 -0.75647 -0.55731 -0.80933 -0.68585 -0.65204 0.30811 -0.73932 0.09445 -0.93668 0.19269 -0.90149 0.02078 -0.88571 -0.37988 -0.72882 -0.65854 -0.68076 -0.56479 -0.73352 -0.67563 -0.57745

compRangeBiasAndRxChanPhase 0.0830686 -0.35550 -0.79117 -0.65714 -0.75375 -0.56036 -0.81061 -0.68701 -0.65576 0.30923 -0.74054 0.09320 -0.94113 0.19199 -0.90463 0.01984 -0.88785 -0.38174 -0.72995 -0.65906 -0.68411 -0.56619 -0.73438 -0.67542 -0.57571

compRangeBiasAndRxChanPhase 0.0830335 -0.35818 -0.78702 -0.65979 -0.75146 -0.56165 -0.80624 -0.69168 -0.64725 0.30536 -0.74139 0.08853 -0.94080 0.18903 -0.90341 0.01611 -0.88925 -0.38614 -0.72461 -0.66031 -0.67520 -0.56894 -0.73001 -0.67862 -0.57251