Measurement 1:
compRangeBiasAndRxChanPhase 0.0870963 0.12524 -0.84750 0.01669 -0.97815 0.04071 -0.95038 -0.09140 -0.86252 0.12930 -0.76657 0.07352 -0.89206 0.10071 -0.86835 -0.01791 -0.79532 -0.63983 -0.60526 -0.77277 -0.63467 -0.72745 -0.65979 -0.73154 -0.51941

compRangeBiasAndRxChanPhase 0.0871173 0.12628 -0.84738 0.01987 -0.97885 0.04187 -0.94943 -0.08926 -0.86230 0.13022 -0.76675 0.07446 -0.89313 0.10220 -0.86932 -0.01663 -0.79697 -0.63950 -0.60654 -0.77292 -0.63449 -0.72583 -0.66046 -0.73026 -0.52029

compRangeBiasAndRxChanPhase 0.0870942 0.12366 -0.84799 0.01614 -0.97488 0.04102 -0.94931 -0.09119 -0.86188 0.12894 -0.76767 0.07312 -0.89371 0.09955 -0.86880 -0.01740 -0.79578 -0.64081 -0.60474 -0.77353 -0.63376 -0.72830 -0.65912 -0.73111 -0.51978

compRangeBiasAndRxChanPhase 0.0871235 0.13068 -0.84631 0.02423 -0.97549 0.04813 -0.95013 -0.08575 -0.86356 0.13431 -0.76657 0.07803 -0.89172 0.10645 -0.86856 -0.01193 -0.79520 -0.63647 -0.61044 -0.76889 -0.63937 -0.72412 -0.66513 -0.72668 -0.52518

compRangeBiasAndRxChanPhase 0.0870920 0.12616 -0.84625 0.02075 -0.97574 0.04477 -0.94867 -0.08823 -0.86282 0.13196 -0.76596 0.07654 -0.89206 0.10376 -0.86905 -0.01480 -0.79559 -0.63870 -0.60684 -0.77106 -0.63678 -0.72632 -0.66058 -0.72861 -0.52234

compRangeBiasAndRxChanPhase 0.0871117 0.12897 -0.84824 0.02036 -0.97733 0.04605 -0.95212 -0.08670 -0.86340 0.13376 -0.76669 0.07614 -0.89410 0.10544 -0.86838 -0.01401 -0.79626 -0.63696 -0.60837 -0.76923 -0.63898 -0.72443 -0.66208 -0.72763 -0.52261

compRangeBiasAndRxChanPhase 0.0870971 0.13052 -0.84656 0.02313 -0.97845 0.04712 -0.95029 -0.08661 -0.86310 0.13400 -0.76511 0.07819 -0.89319 0.10614 -0.86844 -0.01123 -0.79712 -0.63708 -0.61029 -0.76877 -0.63953 -0.72275 -0.66287 -0.72885 -0.52423

compRangeBiasAndRxChanPhase 0.0871303 0.12961 -0.84778 0.02237 -0.97644 0.04620 -0.94955 -0.08377 -0.86279 0.13492 -0.76544 0.07825 -0.89261 0.10715 -0.86798 -0.01257 -0.79630 -0.63672 -0.60977 -0.76935 -0.63882 -0.72205 -0.66293 -0.72852 -0.52548

compRangeBiasAndRxChanPhase 0.0871075 0.12927 -0.84912 0.02234 -0.98032 0.04660 -0.95267 -0.08539 -0.86374 0.13434 -0.76602 0.07870 -0.89304 0.10550 -0.86899 -0.01141 -0.79529 -0.63654 -0.61115 -0.76822 -0.64020 -0.72220 -0.66422 -0.72766 -0.52515

compRangeBiasAndRxChanPhase 0.0871133 0.13068 -0.84891 0.02606 -0.97797 0.04858 -0.94998 -0.08365 -0.86389 0.13535 -0.76700 0.07922 -0.89307 0.10815 -0.86960 -0.01215 -0.79608 -0.63611 -0.61063 -0.76859 -0.63974 -0.72281 -0.66531 -0.72733 -0.52417

compRangeBiasAndRxChanPhase 0.0870947 0.12616 -0.84689 0.01877 -0.97543 0.04330 -0.94864 -0.08865 -0.86142 0.13126 -0.76703 0.07452 -0.89352 0.10297 -0.86908 -0.01608 -0.79578 -0.63974 -0.60782 -0.77216 -0.63544 -0.72504 -0.66183 -0.72931 -0.52069

compRangeBiasAndRxChanPhase 0.0871069 0.12384 -0.84766 0.01782 -0.97855 0.04245 -0.95053 -0.08990 -0.86411 0.12988 -0.76865 0.07364 -0.89337 0.10175 -0.87100 -0.01660 -0.79639 -0.63919 -0.60657 -0.77277 -0.63470 -0.72626 -0.66113 -0.72897 -0.51981

compRangeBiasAndRxChanPhase 0.0871158 0.12656 -0.84848 0.02023 -0.97784 0.04242 -0.95035 -0.08929 -0.86325 0.13129 -0.76773 0.07452 -0.89304 0.10245 -0.86844 -0.01584 -0.79556 -0.63843 -0.60660 -0.77170 -0.63599 -0.72589 -0.66150 -0.72833 -0.52130

compRangeBiasAndRxChanPhase 0.0870934 0.13058 -0.84564 0.02332 -0.97589 0.04761 -0.95007 -0.08551 -0.86322 0.13492 -0.76556 0.07996 -0.89188 0.10526 -0.86743 -0.01144 -0.79529 -0.63708 -0.61127 -0.76913 -0.63907 -0.72336 -0.66504 -0.72766 -0.52408

compRangeBiasAndRxChanPhase 0.0870880 0.12436 -0.84653 0.01761 -0.97546 0.04019 -0.94965 -0.09009 -0.86063 0.12976 -0.76572 0.07236 -0.89169 0.10120 -0.86841 -0.01627 -0.79483 -0.63889 -0.60471 -0.77307 -0.63431 -0.72687 -0.65790 -0.72897 -0.51935

compRangeBiasAndRxChanPhase 0.0871340 0.13159 -0.84683 0.02646 -0.97723 0.05017 -0.94885 -0.08292 -0.86209 0.13718 -0.76523 0.08115 -0.89285 0.10919 -0.86661 -0.00946 -0.79510 -0.63419 -0.61035 -0.76761 -0.64093 -0.72147 -0.66391 -0.72476 -0.52469

compRangeBiasAndRxChanPhase 0.0871119 0.12595 -0.84824 0.01971 -0.97824 0.04425 -0.95200 -0.08926 -0.86523 0.13220 -0.76813 0.07520 -0.89270 0.10336 -0.86984 -0.01382 -0.79565 -0.64029 -0.60684 -0.77213 -0.63547 -0.72540 -0.66257 -0.72900 -0.52023

compRangeBiasAndRxChanPhase 0.0870936 0.12781 -0.84723 0.02072 -0.97705 0.04544 -0.95111 -0.08890 -0.86337 0.13126 -0.76764 0.07605 -0.89386 0.10309 -0.87045 -0.01495 -0.79663 -0.63876 -0.60690 -0.77115 -0.63666 -0.72610 -0.66299 -0.73071 -0.52112

compRangeBiasAndRxChanPhase 0.0871139 0.12558 -0.84763 0.01840 -0.97958 0.04303 -0.95114 -0.09079 -0.86383 0.13159 -0.76794 0.07474 -0.89328 0.10184 -0.86954 -0.01624 -0.79605 -0.64078 -0.60635 -0.77158 -0.63614 -0.72748 -0.65988 -0.73056 -0.52042

compRangeBiasAndRxChanPhase 0.0871244 0.12610 -0.84732 0.01828 -0.97733 0.04236 -0.94943 -0.08908 -0.86276 0.13052 -0.76700 0.07507 -0.89420 0.10251 -0.87006 -0.01538 -0.79651 -0.63968 -0.60684 -0.77167 -0.63605 -0.72659 -0.66003 -0.73114 -0.52084

compRangeBiasAndRxChanPhase 0.0871116 0.13162 -0.84839 0.02585 -0.97778 0.05063 -0.95132 -0.08191 -0.86438 0.13669 -0.76620 0.07980 -0.89261 0.10843 -0.87036 -0.01123 -0.79684 -0.63623 -0.61087 -0.76669 -0.64203 -0.72192 -0.66586 -0.72556 -0.52585

compRangeBiasAndRxChanPhase 0.0871016 0.13120 -0.84720 0.02411 -0.97565 0.04767 -0.95059 -0.08420 -0.86526 0.13605 -0.76651 0.08054 -0.89090 0.10925 -0.86807 -0.01154 -0.79514 -0.63519 -0.61047 -0.76801 -0.64044 -0.72208 -0.66467 -0.72610 -0.52539

compRangeBiasAndRxChanPhase 0.0871058 0.12500 -0.84802 0.01709 -0.97778 0.04208 -0.95099 -0.09006 -0.86301 0.13086 -0.76624 0.07495 -0.89182 0.10300 -0.86853 -0.01556 -0.79465 -0.63889 -0.60654 -0.77170 -0.63599 -0.72568 -0.66086 -0.72916 -0.52219

compRangeBiasAndRxChanPhase 0.0870946 0.13126 -0.84821 0.02493 -0.97876 0.04810 -0.94955 -0.08533 -0.86523 0.13522 -0.76511 0.07922 -0.89365 0.10818 -0.86920 -0.01144 -0.79605 -0.63614 -0.61090 -0.76807 -0.64038 -0.72211 -0.66476 -0.72635 -0.52695

compRangeBiasAndRxChanPhase 0.0871020 0.13113 -0.84753 0.02365 -0.97891 0.04907 -0.95117 -0.08389 -0.86371 0.13541 -0.76718 0.07938 -0.89313 0.10706 -0.86963 -0.01135 -0.79556 -0.63785 -0.61148 -0.76895 -0.63931 -0.72266 -0.66354 -0.72791 -0.52570

compRangeBiasAndRxChanPhase 0.0871116 0.12424 -0.84937 0.01630 -0.97736 0.04309 -0.95224 -0.09195 -0.86285 0.12982 -0.76859 0.07410 -0.89465 0.10202 -0.86951 -0.01645 -0.79633 -0.64014 -0.60602 -0.77325 -0.63409 -0.72775 -0.66019 -0.73056 -0.52078

compRangeBiasAndRxChanPhase 0.0871166 0.12814 -0.84891 0.02206 -0.97876 0.04446 -0.95215 -0.08719 -0.86447 0.13245 -0.76779 0.07687 -0.89453 0.10422 -0.87122 -0.01358 -0.79724 -0.63950 -0.60782 -0.77136 -0.63638 -0.72626 -0.66272 -0.73010 -0.52277

compRangeBiasAndRxChanPhase 0.0870905 0.12433 -0.84995 0.01788 -0.97873 0.04178 -0.95209 -0.09021 -0.86414 0.12970 -0.76865 0.07379 -0.89490 0.10074 -0.87036 -0.01678 -0.79636 -0.64108 -0.60730 -0.77228 -0.63528 -0.72702 -0.66089 -0.72934 -0.52203

compRangeBiasAndRxChanPhase 0.0871070 0.13077 -0.84924 0.02576 -0.97879 0.04846 -0.95267 -0.08533 -0.86557 0.13580 -0.76682 0.08096 -0.89346 0.10678 -0.86990 -0.01038 -0.79657 -0.63599 -0.61197 -0.76736 -0.64120 -0.72232 -0.66562 -0.72675 -0.52759

compRangeBiasAndRxChanPhase 0.0870894 0.12979 -0.84937 0.02225 -0.97958 0.04578 -0.95145 -0.08719 -0.86578 0.13364 -0.76761 0.07828 -0.89377 0.10538 -0.87085 -0.01337 -0.79697 -0.63803 -0.61069 -0.76941 -0.63876 -0.72354 -0.66486 -0.72821 -0.52414

compRangeBiasAndRxChanPhase 0.0870888 0.12857 -0.84860 0.02325 -0.97705 0.04779 -0.95239 -0.08557 -0.86395 0.13437 -0.76752 0.07813 -0.89362 0.10587 -0.86932 -0.01230 -0.79651 -0.63684 -0.60971 -0.76947 -0.63867 -0.72446 -0.66364 -0.72910 -0.52457

compRangeBiasAndRxChanPhase 0.0871011 0.12537 -0.84894 0.01910 -0.97803 0.04230 -0.95166 -0.08969 -0.86270 0.12991 -0.76611 0.07343 -0.89273 0.10132 -0.86923 -0.01624 -0.79700 -0.64105 -0.60596 -0.77267 -0.63480 -0.72876 -0.66022 -0.73019 -0.51968

compRangeBiasAndRxChanPhase 0.0871166 0.12567 -0.84805 0.01697 -0.97690 0.04187 -0.95172 -0.08923 -0.86374 0.12946 -0.76782 0.07346 -0.89313 0.10144 -0.86893 -0.01736 -0.79660 -0.64178 -0.60678 -0.77328 -0.63406 -0.72653 -0.66006 -0.73108 -0.52161

compRangeBiasAndRxChanPhase 0.0870941 0.12900 -0.84714 0.02338 -0.97559 0.04663 -0.94980 -0.08630 -0.86249 0.13342 -0.76538 0.07831 -0.89270 0.10648 -0.86890 -0.01288 -0.79660 -0.63446 -0.60907 -0.76813 -0.64029 -0.72150 -0.66287 -0.72495 -0.52267

compRangeBiasAndRxChanPhase 0.0871089 0.12958 -0.84683 0.02386 -0.97812 0.04663 -0.94943 -0.08600 -0.86374 0.13486 -0.76624 0.07947 -0.89182 0.10544 -0.86871 -0.01236 -0.79575 -0.63654 -0.60889 -0.76886 -0.63943 -0.72287 -0.66342 -0.72806 -0.52441

compRangeBiasAndRxChanPhase 0.0870867 0.13065 -0.84738 0.02411 -0.97696 0.04797 -0.95160 -0.08481 -0.86185 0.13663 -0.76630 0.07947 -0.89233 0.10727 -0.86783 -0.01126 -0.79633 -0.63516 -0.60934 -0.76804 -0.64041 -0.72156 -0.66415 -0.72745 -0.52405

compRangeBiasAndRxChanPhase 0.0871085 0.12567 -0.84848 0.01767 -0.97778 0.04120 -0.95062 -0.08972 -0.86447 0.12961 -0.76804 0.07275 -0.89255 0.10202 -0.86963 -0.01749 -0.79709 -0.64148 -0.60632 -0.77304 -0.63437 -0.72714 -0.66116 -0.73120 -0.52136

Measurement 2:
compRangeBiasAndRxChanPhase 0.0864529 -0.81857 0.21100 -0.99976 -0.02216 -0.91440 -0.23105 -0.82397 -0.23999 -0.39279 0.70853 -0.69214 0.66040 -0.76886 0.46112 -0.71262 0.39194 -0.08026 0.81491 -0.37488 0.88602 -0.52072 0.73300 -0.49542 0.64883

compRangeBiasAndRxChanPhase 0.0864238 -0.82550 0.20636 -0.99957 -0.02927 -0.91620 -0.23834 -0.82510 -0.24838 -0.39816 0.70731 -0.69818 0.65701 -0.77420 0.45752 -0.71692 0.38956 -0.08514 0.81638 -0.38049 0.88562 -0.52594 0.73099 -0.49786 0.64468

compRangeBiasAndRxChanPhase 0.0864161 -0.81952 0.20578 -0.99951 -0.03119 -0.91187 -0.23666 -0.81873 -0.24741 -0.39600 0.70456 -0.69693 0.65469 -0.77209 0.45618 -0.71341 0.38901 -0.08679 0.81387 -0.38019 0.88397 -0.52396 0.72723 -0.49844 0.64325

compRangeBiasAndRxChanPhase 0.0864157 -0.81876 0.21021 -0.99973 -0.02390 -0.91122 -0.23254 -0.82159 -0.24136 -0.39157 0.70459 -0.69064 0.65781 -0.76685 0.45801 -0.70901 0.39230 -0.08099 0.81342 -0.37473 0.88553 -0.51871 0.73169 -0.49188 0.64581

compRangeBiasAndRxChanPhase 0.0864622 -0.82175 0.20734 -0.99960 -0.02771 -0.91281 -0.23499 -0.82175 -0.24484 -0.39572 0.70624 -0.69830 0.65729 -0.77167 0.45990 -0.71317 0.38873 -0.08435 0.81589 -0.38071 0.88440 -0.52435 0.73029 -0.49734 0.64661

compRangeBiasAndRxChanPhase 0.0864403 -0.81885 0.20724 -0.99960 -0.02780 -0.91245 -0.23480 -0.82172 -0.24384 -0.39499 0.70346 -0.69476 0.65689 -0.76840 0.45624 -0.71338 0.38773 -0.08121 0.81339 -0.37811 0.88162 -0.52222 0.73001 -0.49622 0.64478

compRangeBiasAndRxChanPhase 0.0864263 -0.81909 0.20383 -0.99954 -0.03021 -0.91046 -0.23718 -0.81992 -0.24579 -0.39700 0.70258 -0.69675 0.65308 -0.77106 0.45349 -0.71164 0.38806 -0.08438 0.81357 -0.38080 0.88263 -0.52448 0.72867 -0.49820 0.64377

compRangeBiasAndRxChanPhase 0.0864263 -0.81918 0.21191 -0.99976 -0.02170 -0.91324 -0.22849 -0.82169 -0.24036 -0.39127 0.70670 -0.68948 0.65836 -0.76743 0.46295 -0.71075 0.39249 -0.07800 0.81332 -0.37534 0.88696 -0.51950 0.73190 -0.49246 0.64725

compRangeBiasAndRxChanPhase 0.0864317 -0.81882 0.21066 -0.99976 -0.02267 -0.91409 -0.23135 -0.82361 -0.23950 -0.39301 0.70432 -0.69077 0.65753 -0.76633 0.45932 -0.70892 0.39124 -0.08066 0.81622 -0.37512 0.88696 -0.52182 0.73315 -0.49371 0.64728

compRangeBiasAndRxChanPhase 0.0864506 -0.82169 0.20569 -0.99966 -0.02634 -0.91382 -0.23553 -0.82510 -0.24625 -0.39670 0.70752 -0.69873 0.65601 -0.77341 0.45856 -0.71582 0.38779 -0.08560 0.81766 -0.38052 0.88602 -0.52518 0.73132 -0.49744 0.64642

compRangeBiasAndRxChanPhase 0.0864356 -0.82239 0.20447 -0.99960 -0.02853 -0.91455 -0.23431 -0.82449 -0.24402 -0.39731 0.70660 -0.69611 0.65799 -0.77310 0.45712 -0.71487 0.38968 -0.08438 0.81628 -0.37979 0.88815 -0.52353 0.73172 -0.49817 0.64514

compRangeBiasAndRxChanPhase 0.0864231 -0.81967 0.21198 -0.99976 -0.02274 -0.91562 -0.23294 -0.82651 -0.24121 -0.39337 0.70786 -0.69199 0.66040 -0.76956 0.46039 -0.71292 0.39136 -0.08020 0.81540 -0.37787 0.88724 -0.52100 0.73416 -0.49469 0.64746

compRangeBiasAndRxChanPhase 0.0864253 -0.81912 0.20535 -0.99954 -0.03070 -0.91406 -0.23541 -0.82266 -0.24442 -0.39719 0.70355 -0.69705 0.65524 -0.77069 0.45581 -0.71207 0.38953 -0.08340 0.81467 -0.37991 0.88193 -0.52475 0.72818 -0.49652 0.64481

compRangeBiasAndRxChanPhase 0.0864384 -0.82117 0.20630 -0.99960 -0.02835 -0.91080 -0.23611 -0.82278 -0.24661 -0.39520 0.70392 -0.69495 0.65573 -0.77100 0.45709 -0.71259 0.38922 -0.08429 0.81534 -0.37787 0.88602 -0.52274 0.73032 -0.49637 0.64612

compRangeBiasAndRxChanPhase 0.0864337 -0.82263 0.20959 -0.99973 -0.02280 -0.91632 -0.23224 -0.82706 -0.24051 -0.39658 0.70718 -0.69348 0.66098 -0.76990 0.46033 -0.71536 0.39163 -0.08026 0.81537 -0.37851 0.89087 -0.52048 0.73456 -0.49576 0.64929

compRangeBiasAndRxChanPhase 0.0864272 -0.82159 0.21051 -0.99973 -0.02344 -0.91443 -0.22910 -0.82617 -0.24039 -0.39435 0.70853 -0.69449 0.66119 -0.77145 0.46213 -0.71356 0.39529 -0.08142 0.81647 -0.37653 0.88959 -0.52094 0.73416 -0.49512 0.64960

compRangeBiasAndRxChanPhase 0.0864192 -0.82034 0.20529 -0.99960 -0.02863 -0.91226 -0.23724 -0.82214 -0.24390 -0.39670 0.70352 -0.69781 0.65457 -0.77023 0.45587 -0.71121 0.38770 -0.08536 0.81421 -0.38327 0.88382 -0.52560 0.72559 -0.49658 0.64377

compRangeBiasAndRxChanPhase 0.0864657 -0.82019 0.20880 -0.99966 -0.02588 -0.91565 -0.23288 -0.82370 -0.24130 -0.39294 0.70844 -0.69330 0.66013 -0.77002 0.46027 -0.71213 0.39148 -0.08087 0.81610 -0.37546 0.88782 -0.52148 0.73270 -0.49481 0.64716

compRangeBiasAndRxChanPhase 0.0864059 -0.81784 0.21207 -0.99976 -0.02179 -0.91711 -0.23096 -0.82181 -0.23935 -0.39203 0.70679 -0.68848 0.65979 -0.76755 0.46118 -0.70911 0.39209 -0.08008 0.81436 -0.37375 0.88623 -0.51828 0.73193 -0.49219 0.64871

compRangeBiasAndRxChanPhase 0.0864192 -0.81979 0.21179 -0.99966 -0.02551 -0.91605 -0.23166 -0.82382 -0.24252 -0.39404 0.70786 -0.69373 0.65848 -0.76993 0.46133 -0.71255 0.39127 -0.08212 0.81607 -0.37747 0.88821 -0.52228 0.73199 -0.49548 0.64780

compRangeBiasAndRxChanPhase 0.0864324 -0.82132 0.20477 -0.99954 -0.03000 -0.91623 -0.23743 -0.82236 -0.24744 -0.39899 0.70572 -0.69901 0.65604 -0.77325 0.45709 -0.71600 0.39059 -0.08612 0.81641 -0.38248 0.88492 -0.52670 0.72992 -0.49850 0.64398

compRangeBiasAndRxChanPhase 0.0864352 -0.82297 0.20679 -0.99954 -0.03021 -0.91498 -0.23880 -0.82382 -0.24622 -0.39832 0.70911 -0.69983 0.65598 -0.77554 0.45880 -0.71643 0.38898 -0.08490 0.81750 -0.38293 0.88797 -0.52780 0.72943 -0.49890 0.64581

compRangeBiasAndRxChanPhase 0.0864233 -0.82513 0.21094 -0.99973 -0.02316 -0.91605 -0.23370 -0.82697 -0.24222 -0.39624 0.70944 -0.69629 0.66174 -0.77246 0.46027 -0.71515 0.39276 -0.08157 0.81744 -0.37900 0.89050 -0.52365 0.73395 -0.49689 0.64944

compRangeBiasAndRxChanPhase 0.0864408 -0.81924 0.21042 -0.99973 -0.02301 -0.91415 -0.23083 -0.82510 -0.24097 -0.39420 0.70612 -0.69415 0.65765 -0.76859 0.45865 -0.71185 0.39096 -0.08084 0.81628 -0.37683 0.88712 -0.52130 0.73090 -0.49442 0.64743

compRangeBiasAndRxChanPhase 0.0864236 -0.82101 0.20331 -0.99954 -0.03058 -0.91415 -0.23877 -0.82410 -0.24731 -0.40036 0.70764 -0.70166 0.65536 -0.77380 0.45563 -0.71567 0.38852 -0.08719 0.81882 -0.38217 0.88815 -0.52847 0.73239 -0.50037 0.64792

compRangeBiasAndRxChanPhase 0.0864248 -0.81912 0.21265 -0.99979 -0.02029 -0.91476 -0.22852 -0.82651 -0.23969 -0.39111 0.70810 -0.69247 0.66031 -0.76828 0.46411 -0.71326 0.39450 -0.07861 0.81564 -0.37378 0.88751 -0.51923 0.73431 -0.49420 0.64825

compRangeBiasAndRxChanPhase 0.0864366 -0.81906 0.20935 -0.99960 -0.02856 -0.91455 -0.23160 -0.82388 -0.24197 -0.39456 0.70645 -0.69373 0.66113 -0.77124 0.45938 -0.71362 0.39111 -0.08188 0.81458 -0.37723 0.88550 -0.52197 0.73108 -0.49417 0.64584

compRangeBiasAndRxChanPhase 0.0864076 -0.82358 0.21005 -0.99963 -0.02689 -0.91733 -0.23450 -0.82556 -0.24213 -0.39673 0.70853 -0.69638 0.66013 -0.77344 0.46194 -0.71579 0.39273 -0.08167 0.81815 -0.37753 0.89081 -0.52539 0.73413 -0.49670 0.64816

compRangeBiasAndRxChanPhase 0.0864411 -0.81931 0.21478 -0.99979 -0.02036 -0.91418 -0.22644 -0.82492 -0.23828 -0.38870 0.70807 -0.68814 0.66031 -0.76468 0.46097 -0.70804 0.39514 -0.07654 0.81406 -0.37347 0.88800 -0.51724 0.73203 -0.49121 0.64624

compRangeBiasAndRxChanPhase 0.0864261 -0.81976 0.21283 -0.99976 -0.02249 -0.91620 -0.22870 -0.82455 -0.23923 -0.39355 0.70804 -0.69376 0.66479 -0.76889 0.46185 -0.71158 0.39511 -0.07870 0.81445 -0.37418 0.89218 -0.52106 0.73480 -0.49268 0.65076

compRangeBiasAndRxChanPhase 0.0864304 -0.82260 0.20572 -0.99957 -0.02887 -0.91327 -0.23630 -0.82156 -0.24545 -0.39627 0.70380 -0.69592 0.65659 -0.77151 0.45575 -0.71329 0.38855 -0.08499 0.81369 -0.38007 0.88281 -0.52405 0.72659 -0.49622 0.64359

compRangeBiasAndRxChanPhase 0.0864376 -0.81876 0.20398 -0.99954 -0.03009 -0.91000 -0.23737 -0.82062 -0.24542 -0.39981 0.70410 -0.69632 0.65262 -0.77011 0.45377 -0.71390 0.38632 -0.08588 0.81296 -0.37943 0.88519 -0.52292 0.72745 -0.49658 0.64224

compRangeBiasAndRxChanPhase 0.0864379 -0.81970 0.21283 -0.99982 -0.01895 -0.91577 -0.22891 -0.82721 -0.23837 -0.39169 0.70840 -0.69345 0.66336 -0.76852 0.46658 -0.71106 0.39505 -0.07733 0.81708 -0.37384 0.88898 -0.51990 0.73422 -0.49142 0.65091

compRangeBiasAndRxChanPhase 0.0864344 -0.82108 0.20618 -0.99960 -0.02856 -0.91394 -0.23450 -0.82394 -0.24521 -0.39554 0.70667 -0.69540 0.65503 -0.77054 0.45764 -0.71463 0.39044 -0.08392 0.81409 -0.38162 0.88596 -0.52411 0.73242 -0.49747 0.64505

compRangeBiasAndRxChanPhase 0.0864472 -0.82089 0.20627 -0.99951 -0.03098 -0.91458 -0.23730 -0.82382 -0.24710 -0.39728 0.70602 -0.69928 0.65588 -0.77258 0.45645 -0.71497 0.38834 -0.08441 0.81674 -0.38159 0.88751 -0.52695 0.73047 -0.49915 0.64639

compRangeBiasAndRxChanPhase 0.0864435 -0.81616 0.21088 -0.99976 -0.02145 -0.91458 -0.23175 -0.82083 -0.23911 -0.39240 0.70523 -0.69046 0.66083 -0.76843 0.46008 -0.70920 0.39047 -0.07819 0.81372 -0.37335 0.88394 -0.51874 0.73282 -0.49106 0.64893

compRangeBiasAndRxChanPhase 0.0864450 -0.82022 0.21368 -0.99979 -0.02017 -0.91641 -0.23029 -0.82666 -0.23959 -0.39160 0.70816 -0.69379 0.66162 -0.76788 0.46222 -0.71182 0.39505 -0.07779 0.81641 -0.37543 0.88885 -0.52020 0.73587 -0.49393 0.64865

Measurement 3:
compRangeBiasAndRxChanPhase 0.0864728 -0.81851 0.21323 -0.99982 -0.01889 -0.91327 -0.22885 -0.82315 -0.23523 -0.38950 0.70770 -0.69080 0.66125 -0.76730 0.46326 -0.70816 0.39325 -0.07782 0.81406 -0.37256 0.88885 -0.51688 0.73285 -0.49136 0.64917

compRangeBiasAndRxChanPhase 0.0864440 -0.82037 0.21231 -0.99979 -0.02130 -0.91675 -0.22961 -0.82486 -0.24078 -0.39261 0.70679 -0.69208 0.66171 -0.77017 0.46130 -0.71307 0.39313 -0.08041 0.81619 -0.37479 0.88739 -0.52359 0.73602 -0.49332 0.64792

compRangeBiasAndRxChanPhase 0.0864474 -0.81940 0.21475 -0.99988 -0.01596 -0.91705 -0.22629 -0.82556 -0.23715 -0.38889 0.70932 -0.68771 0.66498 -0.76740 0.46448 -0.70911 0.39655 -0.07523 0.81601 -0.37003 0.89001 -0.51678 0.73340 -0.49023 0.65063

compRangeBiasAndRxChanPhase 0.0864157 -0.81577 0.21680 -0.99982 -0.01840 -0.91428 -0.22507 -0.82532 -0.23474 -0.38779 0.70874 -0.68912 0.66293 -0.76376 0.46393 -0.70792 0.39716 -0.07584 0.81439 -0.36862 0.88864 -0.51541 0.73438 -0.48889 0.65076

compRangeBiasAndRxChanPhase 0.0864455 -0.81769 0.21555 -0.99988 -0.01532 -0.91608 -0.22726 -0.82559 -0.23700 -0.38852 0.70999 -0.69083 0.66501 -0.76706 0.46524 -0.70889 0.39749 -0.07556 0.81522 -0.37003 0.88882 -0.51672 0.73419 -0.49176 0.65021

compRangeBiasAndRxChanPhase 0.0864452 -0.81992 0.20898 -0.99973 -0.02362 -0.91394 -0.23169 -0.82382 -0.23962 -0.39328 0.70587 -0.69455 0.65906 -0.77081 0.45657 -0.71167 0.39261 -0.08133 0.81473 -0.37918 0.88684 -0.52234 0.73199 -0.49518 0.64777

compRangeBiasAndRxChanPhase 0.0864531 -0.81827 0.21585 -0.99985 -0.01788 -0.91666 -0.22855 -0.82547 -0.23776 -0.39008 0.70911 -0.69101 0.66312 -0.76773 0.46393 -0.71176 0.39551 -0.07697 0.81784 -0.37027 0.89020 -0.51642 0.73483 -0.49084 0.65109

compRangeBiasAndRxChanPhase 0.0864258 -0.81802 0.21771 -0.99988 -0.01495 -0.91702 -0.22379 -0.82605 -0.23315 -0.38739 0.71170 -0.68796 0.66458 -0.76685 0.46768 -0.70966 0.39880 -0.07297 0.81689 -0.36978 0.89020 -0.51730 0.73752 -0.49112 0.65329

compRangeBiasAndRxChanPhase 0.0864118 -0.81946 0.21185 -0.99973 -0.02301 -0.91400 -0.23199 -0.82468 -0.23743 -0.39197 0.70804 -0.69092 0.66226 -0.76788 0.46191 -0.71222 0.39291 -0.07831 0.81604 -0.37427 0.88715 -0.51904 0.73114 -0.49265 0.64835

compRangeBiasAndRxChanPhase 0.0864253 -0.81354 0.21707 -0.99991 -0.01431 -0.91266 -0.22336 -0.82172 -0.23309 -0.38632 0.70691 -0.68512 0.66354 -0.76236 0.46570 -0.70798 0.39459 -0.07370 0.81226 -0.36716 0.88574 -0.51227 0.73410 -0.48621 0.64929

compRangeBiasAndRxChanPhase 0.0864421 -0.82050 0.20770 -0.99963 -0.02750 -0.91400 -0.23453 -0.82312 -0.24380 -0.39401 0.70630 -0.69406 0.65674 -0.77182 0.45853 -0.71307 0.38974 -0.08405 0.81580 -0.37848 0.88666 -0.52228 0.73248 -0.49637 0.64667

compRangeBiasAndRxChanPhase 0.0864255 -0.81790 0.21576 -0.99988 -0.01608 -0.91574 -0.22455 -0.82584 -0.23688 -0.38904 0.70932 -0.68924 0.66241 -0.76492 0.46445 -0.70898 0.39624 -0.07608 0.81689 -0.37128 0.88989 -0.51651 0.73514 -0.49048 0.64914

compRangeBiasAndRxChanPhase 0.0864123 -0.82010 0.20947 -0.99966 -0.02643 -0.91599 -0.23352 -0.82428 -0.23862 -0.39420 0.70663 -0.69244 0.65799 -0.77072 0.45859 -0.71222 0.39145 -0.08157 0.81516 -0.37479 0.88577 -0.52176 0.73288 -0.49576 0.64514

compRangeBiasAndRxChanPhase 0.0864150 -0.82117 0.20996 -0.99976 -0.02240 -0.91415 -0.23264 -0.82465 -0.24194 -0.39362 0.70670 -0.69116 0.65918 -0.77036 0.46158 -0.71304 0.39154 -0.08054 0.81497 -0.37827 0.88663 -0.52075 0.73190 -0.49359 0.64548

compRangeBiasAndRxChanPhase 0.0864246 -0.82169 0.20880 -0.99966 -0.02542 -0.91666 -0.23300 -0.82474 -0.24512 -0.39462 0.70694 -0.69568 0.65936 -0.77039 0.45779 -0.71313 0.39066 -0.08298 0.81650 -0.37851 0.88635 -0.52283 0.73270 -0.49863 0.64703

compRangeBiasAndRxChanPhase 0.0864095 -0.82132 0.21335 -0.99973 -0.02307 -0.91861 -0.23071 -0.82742 -0.23840 -0.39246 0.70944 -0.69363 0.66269 -0.77005 0.46475 -0.71225 0.39563 -0.07861 0.81870 -0.37820 0.89011 -0.52304 0.73584 -0.49567 0.64941

compRangeBiasAndRxChanPhase 0.0864519 -0.82089 0.21719 -0.99985 -0.01773 -0.91763 -0.22485 -0.82761 -0.23544 -0.39117 0.71140 -0.68994 0.66559 -0.76779 0.46411 -0.71170 0.39819 -0.07501 0.81845 -0.37067 0.89059 -0.51642 0.73611 -0.49210 0.65201

compRangeBiasAndRxChanPhase 0.0864421 -0.81995 0.21628 -0.99988 -0.01645 -0.91614 -0.22311 -0.82776 -0.23450 -0.38828 0.71027 -0.69058 0.66397 -0.76462 0.46658 -0.71005 0.39502 -0.07495 0.81631 -0.36993 0.88995 -0.51797 0.73590 -0.49014 0.64951

compRangeBiasAndRxChanPhase 0.0864462 -0.81735 0.21152 -0.99982 -0.01846 -0.91235 -0.22733 -0.82184 -0.23621 -0.38849 0.70523 -0.68930 0.66055 -0.76453 0.46219 -0.70667 0.39227 -0.07587 0.81149 -0.36957 0.88626 -0.51480 0.73297 -0.49051 0.64703

compRangeBiasAndRxChanPhase 0.0864428 -0.81900 0.21124 -0.99969 -0.02414 -0.91458 -0.22882 -0.82260 -0.24191 -0.39413 0.70667 -0.69241 0.65784 -0.77045 0.45871 -0.71063 0.39185 -0.08133 0.81454 -0.37610 0.88657 -0.52145 0.73068 -0.49353 0.64624

compRangeBiasAndRxChanPhase 0.0864302 -0.81918 0.21048 -0.99973 -0.02313 -0.91373 -0.23157 -0.82617 -0.24155 -0.39423 0.70721 -0.69513 0.65912 -0.76874 0.45889 -0.71265 0.39178 -0.08176 0.81699 -0.37607 0.88745 -0.52145 0.73209 -0.49466 0.64838

compRangeBiasAndRxChanPhase 0.0864551 -0.81955 0.20953 -0.99973 -0.02371 -0.91452 -0.23318 -0.82321 -0.24188 -0.39621 0.70688 -0.69299 0.66034 -0.77045 0.45996 -0.71307 0.39160 -0.08243 0.81442 -0.37549 0.88574 -0.52328 0.73325 -0.49548 0.64743

compRangeBiasAndRxChanPhase 0.0864437 -0.82004 0.21039 -0.99963 -0.02740 -0.91537 -0.23334 -0.82443 -0.24301 -0.39651 0.70688 -0.69522 0.65680 -0.77036 0.45868 -0.71228 0.39108 -0.08136 0.81668 -0.37970 0.88690 -0.52228 0.73141 -0.49664 0.64532

compRangeBiasAndRxChanPhase 0.0864189 -0.82050 0.21240 -0.99979 -0.02057 -0.91608 -0.22852 -0.82626 -0.23773 -0.39182 0.71033 -0.68832 0.66275 -0.76740 0.46387 -0.71103 0.39676 -0.07700 0.81619 -0.37463 0.88834 -0.51749 0.73428 -0.49307 0.65027

compRangeBiasAndRxChanPhase 0.0864440 -0.81815 0.20804 -0.99957 -0.02890 -0.91364 -0.23520 -0.82523 -0.24579 -0.39688 0.70453 -0.69455 0.65491 -0.77020 0.45786 -0.71225 0.38846 -0.08441 0.81516 -0.38055 0.88382 -0.52283 0.72983 -0.49695 0.64523

compRangeBiasAndRxChanPhase 0.0864408 -0.81827 0.21384 -0.99979 -0.01999 -0.91498 -0.22699 -0.82434 -0.23636 -0.39044 0.70807 -0.68903 0.66049 -0.76868 0.46295 -0.71072 0.39484 -0.07742 0.81464 -0.37225 0.88956 -0.51556 0.73416 -0.49072 0.64853

compRangeBiasAndRxChanPhase 0.0864184 -0.81607 0.21533 -0.99985 -0.01810 -0.91388 -0.22720 -0.82401 -0.23624 -0.39047 0.70398 -0.68716 0.65967 -0.76593 0.46078 -0.70663 0.39230 -0.07645 0.81500 -0.37247 0.88431 -0.51605 0.72949 -0.48874 0.64822

compRangeBiasAndRxChanPhase 0.0864453 -0.81824 0.21478 -0.99982 -0.01947 -0.91611 -0.22748 -0.82352 -0.23849 -0.39011 0.70938 -0.68948 0.66394 -0.76712 0.46411 -0.70990 0.39441 -0.07739 0.81699 -0.37228 0.88928 -0.51828 0.73520 -0.49069 0.65036

compRangeBiasAndRxChanPhase 0.0864499 -0.81900 0.21393 -0.99982 -0.01987 -0.91403 -0.22833 -0.82458 -0.23615 -0.39038 0.70721 -0.69092 0.66022 -0.76700 0.46335 -0.71094 0.39484 -0.07773 0.81613 -0.37073 0.88834 -0.51608 0.73367 -0.49179 0.65155

compRangeBiasAndRxChanPhase 0.0864447 -0.82123 0.20969 -0.99963 -0.02698 -0.91467 -0.23334 -0.82446 -0.24271 -0.39487 0.70776 -0.69678 0.65921 -0.77158 0.45837 -0.71478 0.39053 -0.08289 0.81796 -0.38098 0.88904 -0.52567 0.73318 -0.49631 0.64700

compRangeBiasAndRxChanPhase 0.0864224 -0.82150 0.20956 -0.99963 -0.02707 -0.91681 -0.23285 -0.82510 -0.24301 -0.39578 0.70801 -0.69684 0.65781 -0.77377 0.45941 -0.71478 0.39194 -0.08206 0.81833 -0.38074 0.88873 -0.52426 0.73434 -0.49744 0.64743

compRangeBiasAndRxChanPhase 0.0864341 -0.82184 0.20990 -0.99960 -0.02783 -0.91577 -0.23477 -0.82352 -0.24323 -0.39621 0.70837 -0.69717 0.66052 -0.77185 0.46057 -0.71475 0.39038 -0.08191 0.81738 -0.38223 0.88641 -0.52280 0.73343 -0.49579 0.64804

compRangeBiasAndRxChanPhase 0.0864317 -0.81824 0.21460 -0.99982 -0.01874 -0.91684 -0.22565 -0.82480 -0.23816 -0.39282 0.70905 -0.69186 0.66092 -0.76773 0.46185 -0.71027 0.39453 -0.07605 0.81555 -0.37329 0.88766 -0.51898 0.73270 -0.49103 0.64850

compRangeBiasAndRxChanPhase 0.0864423 -0.82071 0.21515 -0.99982 -0.01849 -0.91617 -0.23087 -0.82660 -0.23776 -0.39209 0.70959 -0.69110 0.66266 -0.76779 0.46329 -0.71078 0.39493 -0.07709 0.81534 -0.37347 0.88943 -0.51996 0.73407 -0.49213 0.65085

compRangeBiasAndRxChanPhase 0.0864391 -0.82251 0.21051 -0.99969 -0.02444 -0.91653 -0.23425 -0.82288 -0.24411 -0.39474 0.70474 -0.69370 0.65463 -0.76932 0.45834 -0.71344 0.39117 -0.08356 0.81641 -0.37997 0.88794 -0.52289 0.73129 -0.49689 0.64661

compRangeBiasAndRxChanPhase 0.0864142 -0.81903 0.21454 -0.99982 -0.01938 -0.91531 -0.22824 -0.82574 -0.23694 -0.39050 0.70877 -0.68781 0.66116 -0.76602 0.46341 -0.70911 0.39389 -0.07727 0.81500 -0.37173 0.88666 -0.51782 0.73468 -0.48901 0.64810

compRangeBiasAndRxChanPhase 0.0864337 -0.81693 0.21436 -0.99976 -0.02222 -0.91342 -0.22769 -0.82312 -0.23779 -0.39023 0.70886 -0.68744 0.65997 -0.76648 0.46350 -0.70847 0.39444 -0.07870 0.81284 -0.37396 0.88614 -0.51617 0.73276 -0.48886 0.64850

compRangeBiasAndRxChanPhase 0.0864198 -0.81961 0.20688 -0.99963 -0.02695 -0.91348 -0.23578 -0.82123 -0.24326 -0.39633 0.70319 -0.69400 0.65692 -0.76855 0.45480 -0.71271 0.38678 -0.08450 0.81567 -0.38049 0.88583 -0.52472 0.73120 -0.49783 0.64529

compRangeBiasAndRxChanPhase 0.0864203 -0.81851 0.20834 -0.99963 -0.02682 -0.91269 -0.23245 -0.82266 -0.24139 -0.39352 0.70343 -0.69308 0.65726 -0.76859 0.45657 -0.70868 0.38904 -0.08145 0.81268 -0.37759 0.88330 -0.52161 0.72922 -0.49521 0.64481

compRangeBiasAndRxChanPhase 0.0864337 -0.81839 0.21017 -0.99966 -0.02594 -0.91589 -0.23251 -0.82306 -0.24286 -0.39417 0.70602 -0.69159 0.65817 -0.76920 0.45959 -0.71124 0.39005 -0.08002 0.81528 -0.37805 0.88434 -0.52081 0.73141 -0.49512 0.64624

compRangeBiasAndRxChanPhase 0.0864216 -0.82086 0.20789 -0.99963 -0.02667 -0.91476 -0.23596 -0.82346 -0.24426 -0.39633 0.70517 -0.69296 0.65509 -0.77029 0.45737 -0.71246 0.39005 -0.08289 0.81424 -0.37888 0.88562 -0.52573 0.73016 -0.49710 0.64450